1,4996,9470,5736
2,12602,8142,2303
3,10177,1735
4,1648,9793,10188
5,3852,3318,2569
6,11382,805,9303
7,10722,10009
8,10952,12581,5561
9,11143,6210,7966
10,11237,670,4095
11,2137,2442
12,6980,2274,9416
13,2998,9331,373
14,11050,10434
15,4119,8148,11715
16,7516,7673,702
17,12519,1564,1276
18,9835,11116,3593
19,10752,5180,7703
20,4744,496
21,10404,9515,148
22,3252,10277
23,3170,7464,5008
24,10903,8802
25,4686,6814,1353
26,6086,5740
27,12598,4100,7326
28,6738,5115,5212
29,6313,2485,3475
30,9086,11996,6357
31,3055,4970,2890
32,2490,9812,1226
33,402,52
34,1040,6022,5153
35,5181,4071,2277
36,414,7067,3429
37,4412,11046,7898
38,10071,6141
39,4164,6517,9998
40,9043,5168,1610
41,4759,9448,11671
42,11755,5125,4079
43,1564,2726,11896
44,6055,11367,8910
45,11144,6711
46,11656,11916,1509
47,1763,8032,4268
48,1287,11774,5008
49,7825,9700,8438
50,10728,6759,11098
51,10753
52,2600,4153,5990
53,5940,12065,11703
54,948,5701,6266
55,12493
56,12089,5647,7380
57,2543,369,9272
58,1404,1407,11549
59,8468,4511,11675
60,6396,11124,5728
61,5859,1538,4750
62,5085
63,1230,2284,9920
64,1235,7659
65,3455,941,5430
66,3402,5286,11677
67,11359
68,6440,9645
69,1390,4396,11687
70,7099,2549
71,12256,6703,6749
72,6699,1255
73,2230,2920
74,596,7551,6324
75,6762,3023,11139
76,444,11058,3876
77,12096,11284
78,8069,12704,10856
79,11723,11206,1548
80,7498,1071,9794
81,10961,10946,10086
82,9926,12181,10076
83,11950,3812,12766
84,11448,4281,6756
85,5590,7878,7638
86,11384,8179,7877
87,11120,5899
88,4650,5371,10310
89,8171
90,12378,8988,4118
91,540,8897,8999
92,2747,1826,4365
93,1444,8354,6101
94,7184,3046,8010
95,4976,11773
96,11407
97,10862,1548,11168
98,2747,629
99,11052,502,11465
100,12210,2941,7224
101,3990,11173,1140
102,6166
103,8178,11916,11305
104,3066,8820,12228
105,3841,10778,12453
106,10978,4620,4715
107,8593,8077,748
108,14,8000
109,1380,85,2242
110,6533,10631,997
111,5606,1215,9118
112,5334,5323,2574
113,8845,1867,3496
114,7467,10448,4629
115,1472,4224,9353
116,8212,4268,726
117,291,6658,4820
118,6525,9810,3274
119,10783,5649,3138
120,624,1800,9696
121,5964,10403,4318
122,3130,12616,1898
123,12458,7026,5465
124,8227,10472,9937
125,1141,2011
126,3081,5772,307
127,2845,59
128,5970,483
129,7755,6475,10737
130,5905,5501,6963
131,11070,5016,5516
132,11126,2378,5828
133,12087,8746
134,157,11471,1955
135,9480,9375
136,5205,10440,1623
137,4485,11982,10961
138,11549,1584,10610
139,8311
140,319,9974,11534
141,10556,6233
142,5806,2187,10731
143,6722,6959,6759
144,3093,712,6352
145,143,12723
146,920,9094,5359
147,2203,11119
148,1002,8133
149,11090,2956,5418
150,3221,11064,4800
151,6016,12583,1438
152,6096,2810,10677
153,3693,3679,1487
154,9293,7642
155,4869,2188,551
156,10694,12339
157,5968,6558,3846
158,2502,10445,11
159,3331,1305,4821
160,8117,6752,6532
161,11066,471,12322
162,2778,8071,10216
163,3099,2333
164,2120,1924,998
165,1596,9718,2380
166,7023,4421,850
167,11490,7177,7062
168,3979,3861,9979
169,6896,12395,9015
170,12006,2389,4032
171,2920,7336,1119
172,7327,4495
173,8442
174,4405,6048
175,561,860
176,9779,6358,8590
177,7095,834,6208
178,3969,1773,10919
179,11941,5322,9065
180,3273,7869,9441
181,4596,1364,5042
182,9806,6284
183,4728,4366,7294
184,8108,779,9261
185,4283,7579,4946
186,12363,1495,8028
187,8715,11403,10018
188,12634,3564,12433
189,10591,1661,5461
190,7505,6071
191,10069,3725,9439
192,1031,7208,5518
193,825,7751,11280
194,7234,7488,10018
195,7709,5525,526
196,2455,8990,6250
197,3016,1966,2112
198,9198,3373,5608
199,11196,2127,7603
200,4737,3434,9152
201,8818
202,10584,8738
203,12215,2570,2390
204,7120,9389,10181
205,6678,10296,3883
206,9678,4486,6238
207,1604,10353
208,948,643
209,6895,11647,2042
210,2252,5820,2829
211,7696,11802,3005
212,11960,2594
213,774,1810,8341
214,8893,3296,7094
215,3936,10162,6320
216,9150,4638,2751
217,2170,5098
218,7851,1304,7015
219,821,3371
220,11159
221,8203,5359,11930
222,6413,5846
223,2856,2406,7660
224,40,10747,5757
225,255
226,5440,10837
227,2567,4730,1869
228,1466,7246
229,7074,3149,8635
230,6029,11315,8323
231,6377,8308,1841
232,3401,1771,7703
233,11999,2132
234,860,4417,6479
235,11957,9408
236,11712,7752,9359
237,1609,7827,7599
238,7299,11368,42
239,2007,2714
240,1812,579,8945
241,11091,832,12196
242,945,2750
243,12181,2316,9249
244,6772,11569,3604
245,5712,483,12694
246,10379,7269,7509
247,10179,10696,5249
248,8653,8503,10201
249,2972,1710
250,4979,6010,3180
251,11051,2822,6282
252,1984,8195
253,12691,7357,4521
254,732,2423,12789
255,5298,8915,12235
256,4105,7878,3819
257,289,7604
258,6978,5939,9549
259,3547,9981,8829
260,1120,2398
261,5593,3221,11407
262,4137,5696
263,10160,7496
264,6481,6155,11634
265,12662,8365,817
266,9866,2487,6541
267,11202,4796
268,12425,9986,9104
269,4925,7734
270,12197,10898,10214
271,6743,7036,11413
272,617,1279,253
273,210,7940,10011
274,10080,12269,9399
275,7712,10140,12695
276,5611,12566,9081
277,12655,2644,6873
278,2243,12131,7950
279,3669,8397,3114
280,982
281,2796,10157,90
282,4763,5804,7970
283,5814,8769,9088
284,7686,11066,10965
285,9592,6965,8676
286,856,4404,10094
287,12091,9155,10107
288,2749,8936,10950
289,7083,4191,9583
290,12707,7991
291,7038,12199,1756
292,10270,7190,2982
293,6290,2525,786
294,330,165
295,5360,6019,1911
296,9950,5255,11516
297,7045,12443,8032
298,7917,3901,10092
299,7403,9308,4660
300,6744,11080,9644
301,2353,10632,1862
302,8055,10618,12560
303,1667,12353,2884
304,4049,7629,9753
305,8851,9427,3808
306,11016,5810
307,4140,3659,8659
308,4124,5537
309,5373,11124,12586
310,6423,2574,3752
311,4461,3749,1767
312,529,3134,768
313,4227,11114
314,10943,10290,5571
315,3815,11863,6509
316,343,4182,8954
317,3265,9223,5036
318,1328
319,2534,5483,8408
320,5301,428,9950
321,4577,9010
322,7031,2035,1792
323,1728,10292
324,11280,9399
325,9685,3659,10712
326,9400,11432
327,2164,10968,10663
328,6014,10919,10447
329,4141,4819
330,11122,12600
331,1736,5174,2259
332,1761,9816
333,3806,7465,9563
334,5032,12092,9501
335,10781,6877,2992
336,11989,3030,9455
337,6279,4308,4847
338,8367,10041,6685
339,5663,1251,3816
340,4789,1235,2086
341,2214,8466,5522
342,5902,9341
343,9304,5038
344,964,9292
345,11347,894
346,897,3997,11024
347,331,675
348,2583,270
349,6216,9169
350,2049,1065
351,1528,2787,2543
352,11544,5594,12
353,10686,2489,2391
354,10426,3771,1074
355,201,116,1948
356,12248,4099,2104
357,12772,3457
358,4542,10986,6681
359,10549,3817,3672
360,2676,4847,11410
361,7385,5588,9246
362,2916,4533,1612
363,1002,11634,700
364,3395,9805,5082
365,6601,8437,11578
366,4443,7005
367,7257,759,1699
368,9015,6498
369,2403,2427
370,11965,1464,4590
371,12029,3792,11629
372,3972,864,6500
373,10287,6546
374,6001,2186
375,7259,3037
376,16,9857,3355
377,10234,12684
378,3609,7281,3176
379,2578
380,444,12256,7045
381,10200,11168,1380
382,11704,613,4722
383,7046,1726,11255
384,5865,2000,2047
385,5107,1772,7682
386,8813,12658
387,12685,4083,6589
388,2973,780,1687
389,5137,6456,4091
390,1128,3640
391,2258,90,10848
392,1916,12551,7013
393,3759,5707,10961
394,4076,8769
395,4559,11623
396,5465,154,6598
397,4032,9577,3241
398,1599,5721
399,235,3745,5042
400,1193,663,340
401,8784,6366,5252
402,12413,10130,5453
403,856,6591
404,3368,7333
405,7022,10748,1891
406,7850,7263,12708
407,8092,5208
408,1541,10352,9516
409,6679
410,900,6587,96
411,5692,4597,22
412,1356,4895,6943
413,9587,3206
414,9649,11925,5772
415,2958,10377,8724
416,2948,12012,8193
417,6032,5746,8999
418,9610,11267,5245
419,4545,9580
420,7841,3246,2027
421,6321,10907
422,7285,1880,4884
423,5320,3699
424,6667,9565
425,5592,9410,8480
426,8760,3604,169
427,734,3952
428,4857,3665
429,1174,3699,3958
430,186,7594
431,6082,10473,10240
432,7164,1669,9996
433,2235,7368,5191
434,12250,3868,3291
435,5096,12468
436,94,6421,12010
437,3372,10581,4289
438,3019,4016,6072
439,7422,2766
440,9415,8774,11776
441,265,2045,3885
442,8303,1126,9515
443,4461,1525,9809
444,9678,1278
445,2558
446,11847,11564,4369
447,5233,3374,12225
448,1054,8684
449,11662,3419,2920
450,3825,12446,1956
451,10542,2106,11469
452,116,10553
453,9646,10494
454,6334,12090,4852
455,5768,11932
456,86,2447,8608
457,8460,10765
458,7432,313,8829
459,11292,12445,3331
460,759,6390
461,6218,1443,7036
462,12474,2026
463,8811,8645,8678
464,7616,4781,9736
465,10938,2349,10861
466,8956,8239,5078
467,2913
468,6857,12420,8629
469,4000,9328
470,6630,8974,8426
471,11435,9120,63
472,6770,12404,2772
473,2067,6046,4493
474,8129,3732,11890
475,222,8627,11428
476,11073,430,7379
477,573,788,528
478,8821,3685,12612
479,10163,2483,7386
480,2560,789,5926
481,4241
482,1886,8188,5416
483,9151,8206,5503
484,7512,1221,11594
485,4976,7116,6304
486,9293,5971,8607
487,7931,5899,5491
488,6027,1230,2321
489,8616,5611,5587
490,143,428,1828
491,6319,838,5462
492,11566,3914
493,1063,10140
494,12269,7280,4155
495,7234,6084
496,4816,5183,8384
497,880,11390,4621
498,871,3484,10464
499,6479,5898
500,8312,10386,12319
501,1015,7471,7721
502,9587,2412,4204
503,7629,988
504,1259,4694,5361
505,6619,11763,9703
506,1718,800,9316
507,2476
508,1018,7604,2710
509,4589,3558,3002
510,187,6076
511,8375
512,5022,8745
513,10332,5804,12214
514,10478,7218,68
515,12102,8980
516,4992,10209,1681
517,10660,345,5059
518,2181,6912
519,7998,8877,3939
520,7850,6468,6251
521,4549,5936
522,3749,9461,6335
523,1636,1184,1186
524,11187,9078,8871
525,1266,6873
526,2486,3423,7585
527,10692,7829,2289
528,5903,3609
529,9851,5429,10362
530,12765,6630,2955
531,2321,11533,9788
532,6629,4873,3429
533,12618,5874
534,3399,7187,10089
535,6076,11482,3046
536,4607,6815,8912
537,10337,4124
538,12030,3710,8903
539,6131,2986
540,12140,1889,3039
541,10923,3825,10677
542,3307,483,8614
543,9849,3879
544,5249,9340,9301
545,4538,339,128
546,1168,10441,7940
547,9611,6694,308
548,3433,11315,7466
549,1935,7448,4840
550,4941,8193,10764
551,6310,8623,12346
552,1802,8138
553,868,11321,10152
554,11302,9493,5252
555,5583,6449
556,5477,7154,1364
557,5497,5825,8759
558,7951,12596,1494
559,8932,4874
560,1520,2108,9392
561,10642,12652,7845
562,148,535
563,9169,11805
564,12754,2855,8482
565,11580,955,651
566,11769,4179,7005
567,8883,3753,11816
568,5594
569,8243,5354
570,4129,4751,11788
571,12190,2633,11898
572,3366,548
573,1741,7266,8242
574,6358,1942,2489
575,9856,11788
576,8927,6665,8936
577,4173,11722,1510
578,11579,6983
579,6918,12752,2856
580,3908,12737,6888
581,10644,5885,6612
582,6461,4893,11938
583,4019,5923,8428
584,12323,7729,9088
585,12449,7342,1717
586,7688,3725,9154
587,10719,1102,4270
588,7468,5647,6421
589,8212,4051
590,8069,3124
591,11024,7384,11746
592,7179,10427
593,4666,4072,10592
594,7086,2883,2697
595,2304,12787
596,9265,9948,3250
597,11650,11545,3626
598,1350,12512,5426
599,11402,6983,8246
600,9206,1911
601,6687
602,4238,3356
603,11085,5627,11669
604,2760,5796,3443
605,8901,5597,654
606,11642,4321,10444
607,6287,11579,8057
608,10984,8412
609,10690,8134,2272
610,4753,4279,10007
611,9533,12243,12754
612,1668,6836
613,10680,12053,8401
614,811,1991,3065
615,6199,4250
616,12645,11367,1685
617,12298,8792
618,1231,1841
619,12092,11004
620,1971,10269,5408
621,5082,408,6165
622,7495,2761
623,6402
624,11474,312
625,1283,10226,441
626,3530,6247,11626
627,7193,3156,9817
628,8227,11935,326
629,7732,5110,8468
630,4868,850
631,11122,11837
632,4551,924,11420
633,1021,10648,4970
634,6061,8738
635,4892,11395
636,8502,287,8016
637,2385,1432,8021
638,2349,11324,7140
639,8227,4930,8679
640,9963,4801,11588
641,12508,12360
642,9502,8955
643,5075,4630,11952
644,2758,12142
645,9633,8446
646,9377,677,2501
647,597,2692,9584
648,6694,7696,2875
649,1047,5421,3391
650,10082,9715,3074
651,11738,5302
652,3343,12261
653,4023,2374
654,8967,7069,5271
655,1441,8521,11846
656,2740,4688
657,12560,4985
658,3871,3308,8301
659,3139
660,8008,7871,4412
661,4425,10258
662,3388,4981
663,8669,11120
664,11955,9825,11453
665,543,10459,6193
666,10922,6916,529
667,3226,11385,4093
668,3493,9179,995
669,862,534
670,1247,12410,8060
671,11135
672,1747,11777,11953
673,646,5688
674,5698,6165,2579
675,7180,4644,9370
676,3133,2221
677,3909,4169
678,9146,1472,7302
679,1993,12058
680,10867,10034
681,2195,9425
682,850,3517,6685
683,9017,6292,10823
684,1068,12626,589
685,8417,11898,4140
686,6529,14
687,11786,8235,2735
688,9734,12630
689,8054,7171,7475
690,7342,182
691,10884,3230,11812
692,3423,9534,1487
693,1112,4420,10588
694,12206,10985,2616
695,6590,1456
696,4218,749,11807
697,4345,6866,2989
698,867,4973,2777
699,9063
700,3070,2673,87
701,2889,11937
702,11316,4233,3945
703,4088,5444
704,1493,4259,1473
705,2361,10371,9737
706,7464,5673
707,4914,8047
708,12409,23
709,9977,10971
710,73,1347,3718
711,5293
712,3489,2094,582
713,9880,983
714,4283
715,12731,4353
716,6038,7275
717,1320,10432
718,3442,11051,4776
719,7420,10035,3878
720,6807,10215,566
721,3242,3014,8616
722,5634,7345
723,7787,6717
724,4837,7465,10102
725,6133,9209,3850
726,5619,6617,10227
727,11637,7684
728,536,362,2505
729,2852,1057,5261
730,2277,5416,8078
731,1616
732,453,12197
733,6415,3431,7242
734,9526,8314,4318
735,5888,7635
736,2481,1702,11673
737,9416,2917,11430
738,4179,6109,6429
739,7963,5642
740,10276,588
741,9176,9994
742,3961,4389,2328
743,769,2691,1033
744,3802,6235,6958
745,582,9049
746,11661,517,11169
747,3433,4163,7434
748,6013
749,6895,3047,884
750,11117,8768,2889
751,3483,5326,10084
752,7774,9637,11191
753,5882,791,9139
754,899,11275,11194
755,12224,5459,12429
756,1402,9167,9694
757,5256,635,10184
758,1359,8990,7206
759,1730,11553,12548
760,1546,2018,10259
761,9254,10957,5946
762,3222,8720,4217
763,698,2598,5094
764,12517,6870,7039
765,4407,9024
766,12520,532
767,546,7668,9036
768,2995,5560
769,11442,1799,4706
770,9912,1919
771,10378,5429,5446
772,6804,3582,11662
773,2196,8871,6891
774,1524,270,12686
775,2346,8058
776,6285,6660,1376
777,1265,3117,9253
778,5670
779,1415,12029
780,2682,10589,4203
781,4150,3206,2741
782,5630,5516,12160
783,6277,8672,12388
784,9317,140,5985
785,559,1544
786,11226,2507
787,7060,387,3053
788,12458
789,11520,3452,3239
790,8514,6113
791,11809,8186,4190
792,2723,10769,7987
793,820,8935
794,2806,7211
795,8585,8632,3259
796,2793,6349,221
797,11283,7880
798,7683,1091
799,2274,11537,5837
800,12699,7707,4604
801,9033,2156,4157
802,602,4196,9626
803,10723,10343,1436
804,9067,981
805,9315,8894
806,6491,72,6383
807,9023,649,4303
808,11382,5980,583
809,3239,3236
810,10125,10701,2079
811,4173,1539,3984
812,3204,12201,11618
813,1952,8871,3786
814,7172,2129
815,12558,9862
816,9493,7322,2780
817,5742,3743
818,1898,10551,835
819,12056
820,4688,10380
821,12585,2771,8338
822,5788,12566
823,12770,9614,4512
824,4184,4583,12196
825,11966,12484,8444
826,8010,361,8235
827,11136,1722
828,3120,4813
829,8269,9049,1877
830,10314,2976
831,5129,1449,12432
832,8245,6699
833,2206,4185,7356
834,9847,1792,5395
835,7826,1541
836,2721,9306,5279
837,7220,11871,8946
838,8460,11301,9048
839,9501,2271,11741
840,9264,8722,5741
841,12078,5256,3526
842,2576,3798,1898
843,319,10253,1975
844,8050,2262,938
845,614,1279
846,6106,4696
847,666,8716,10647
848,10332,7239
849,8928,6988,10877
850,6162,6045,4919
851,513,10722,10257
852,9396,4938,4230
853,11055,12408,10353
854,8955,10376,10502
855,2465,6275,6200
856,4448,6650
857,2083,2585
858,9861,3526,8199
859,12774,5037,10456
860,3548,10398,6640
861,12182,10245,7713
862,9079,5616,3149
863,12184,7794,1611
864,1416,1352,5026
865,9093
866,2888,10734
867,2908,8368,5759
868,6306,10217,10406
869,7158,1109
870,6309,8522,1541
871,11878,8802
872,5304,11243,11387
873,8756,4668,1918
874,9872,8881
875,3184,9884,7877
876,9214,8913
877,12519,8054,5856
878,5163,491,5837
879,9347,10879,3541
880,348,5275,7830
881,688,4490,2056
882,7602,4057,7819
883,6482,6970,801
884,3941,2667,5658
885,6644,3452
886,11557,12549,2936
887,2336,7934,5613
888,3483,9866,6178
889,9066,6908,5075
890,6355,7580,2442
891,668,6188
892,4782,10268
893,7627,10307,8169
894,4039,9508,10939
895,8952,1030
896,11584,4356,7138
897,4844,6410,4564
898,6,7251
899,7342,10169,4431
900,7494,3317,3153
901,6351,7646,9861
902,807
903,10798,6573,1785
904,3542,140,6301
905,5014,6255,5311
906,6255,5048,26
907,2292,1546
908,2578,6329,3284
909,8129,9916,3376
910,11603,6396
911,5501,8221
912,3861,9105
913,1095,5968,9344
914,7267,4091,4565
915,3454,1507,10004
916,12545,11247,491
917,8774,12463
918,10421,11210,11839
919,2046,645
920,5554,9274,4160
921,6783,9964
922,3145
923,904,1699,7
924,10428,7097,1294
925,192,5448,4863
926,5794,9217,5129
927,3555,6229,1875
928,11276,7387,815
929,8454,4329,4813
930,3991,7187,6702
931,3826,7035,4597
932,11240,12335
933,9618,12730
934,3442,3276,4420
935,1372,5974
936,3437,10864,1203
937,3684,7319
938,691,1952,9790
939,1534,9119,6173
940,5502,142,9774
941,7293,1116,4116
942,6780,4833,11318
943,4657,4595,4517
944,2842,12360
945,255,10419
946,10803,1567,535
947,2851,12081,1136
948,9521,8733,3001
949,4174
950,10322,4814
951,947,10988,978
952,10458,5016
953,1802,5887,188
954,5259,3685
955,9401,3172
956,10537,2085,1606
957,9796,12451,2534
958,5223,6656,11314
959,781,7481,2265
960,5467,7850
961,1917,380,1849
962,268
963,6000,9815,9202
964,9202,7273,12599
965,11742,9685,6406
966,9494,2598,2005
967,10698,471,4981
968,9534,552,11972
969,10837,7413,10991
970,8345,7270,4466
971,6214,12303,1341
972,865,10541,1020
973,3404,1246,10102
974,7602,6863,265
975,11032,12498,1360
976,7645,3176,523
977,12197,10480
978,2685,7164,6879
979,9825,12673,9118
980,1064,5388
981,9400,687,2372
982,1782,11940
983,7693,1112
984,9969,4301,310
985,1950,8903,10148
986,7941,10751,10042
987,2907,6334,7796
988,5049,3092,9065
989,5317,4149,9082
990,6985,7577,7490
991,9567,332
992,11995,12797
993,7388,12499
994,3117,11435,3075
995,6048,723,12722
996,4496,9893
997,7519,6581,10334
998,4002,7688,4615
999,3763,6832
1000,10439,8347,3585
1001,10727,6154
1002,6927,7207,8672
1003,986,8935,948
1004,4526,8554
1005,1394,2022
1006,1669,3441,5770
1007,12536,109,7930
1008,7816,103
1009,1144,6556,6542
1010,6459,1333,11416
1011,10011
1012,5882,2322
1013,166,6522,4705
1014,1161,8413,11502
1015,12298,12301,6841
1016,3200,5989,738
1017,2623,8838,12748
1018,6707,10640,4010
1019,7356,12741,9264
1020,11921,11340,602
1021,11034,9833,5191
1022,10132,1568
1023,821,2849,11559
1024,11695,10254
1025,1349,6753,3861
1026,6680,6299,10148
1027,7313,4832
1028,1987
1029,4254,11204
1030,7257,2077
1031,7705,3337,12755
1032,5147,6701
1033,6481,8379,6249
1034,6027,2211,1488
1035,1444,8276,7904
1036,3140,4595,4071
1037,12354,7911,8053
1038,10319,2594,199
1039,7194,3467,7307
1040,5525,8,9134
1041,1005,4873
1042,2620,10811,9416
1043,7890,2748
1044,10553,11939,4546
1045,127,11621
1046,5942
1047,1752,12793
1048,7632,9649,555
1049,2111,10083,9142
1050,11202,9391
1051,10280,2691,3163
1052,2667,4197,8895
1053,7914,11164,3991
1054,540,2916
1055,588
1056,5118,12478,12162
1057,5840,4370
1058,9679,9883,10250
1059,4986,5156,2893
1060,6032,12532
1061,10326,2607,1256
1062,1785,5239,11078
1063,10593,160,11788
1064,1888,3907
1065,11821,10786,11887
1066,7736,446,6734
1067,8024,8104,9493
1068,11833,7988
1069,2320,2313,4421
1070,10233,6335
1071,4605,12229
1072,980,9145,7282
1073,9699,11408
1074,11792,3925,8029
1075,10897,11367,7399
1076,1030,10286
1077,10807,11617
1078,5913,7029
1079,9045,8637,2122
1080,6694,104
1081,12536,4357,4630
1082,2806,8938,1488
1083,10759,2332
1084,2874,10899
1085,9558,8581,10526
1086,1598,9721,9215
1087,10378,7681,862
1088,4875,1793,8675
1089,736,10901,9780
1090,5264,8969,4175
1091,7464,812,11738
1092,7566,12561,3041
1093,6648,9740
1094,5242,10239,11841
1095,11739,2082,7966
1096,1920,2867,1645
1097,8549,6613
1098,9825,8776,6369
1099,10898,9307
1100,12576,5220,12548
1101,173,377,8736
1102,4506,1247,8933
1103,6381,9033,7301
1104,6179
1105,10829,547
1106,12166,10553,6256
1107,10295,3545,7016
1108,9693,10757,5863
1109,11591
1110,308
1111,397,4192,2352
1112,5001,10106,4045
1113,5717,5172,2471
1114,9559,3459,2034
1115,2956,2422
1116,1591,536,9467
1117,6759
1118,11615,4269,154
1119,74,11021
1120,11908,182,114
1121,3424,9667,10225
1122,2563,8453,10431
1123,12092,9608,7039
1124,6604,5106
1125,2595,3208
1126,3182,4672,474
1127,12740,9698,6080
1128,6736,6097
1129,10154,1367
1130,8854,8800,10509
1131,10170,10830,9237
1132,4749,7640,10985
1133,7238,9030
1134,566,12744,12585
1135,393,9297,3392
1136,3151,9590
1137,9798,4458,3594
1138,8663,8024
1139,3514,1222,3162
1140,1336,3480,4200
1141,11422,5521
1142,2705,11434,2351
1143,2301,5091,10296
1144,1551,2601,12432
1145,11304
1146,10667,10508,12316
1147,5110
1148,8367,11555
1149,3617,6803,7512
1150,7357,2266
1151,2756,7788,10079
1152,9111,2315
1153,2682,573,484
1154,12679,11504,1197
1155,1319,6660,2811
1156,5865,12100,2222
1157,5307,8553,11176
1158,3872,746,12338
1159,10631,7015,11187
1160,8720,7712
1161,4920,66,2341
1162,2628,4204,6314
1163,5890,4192
1164,10937,12207,9638
1165,9616,2856,9745
1166,5438,10155,1290
1167,8058,2547
1168,5584,6006,10643
1169,8349,2748,2246
1170,3418,1943,2039
1171,12399,2314,1031
1172,2225,11525,8069
1173,10367,9094
1174,8640
1175,5271,12116
1176,5763,6594,10567
1177,7359,2002,1259
1178,6028,4814,10476
1179,7591,220,8156
1180,3566,602,10085
1181,9279
1182,6200,6593,11312
1183,9905,10826
1184,1177,11368,5320
1185,2717,8776
1186,3836,7630,11792
1187,4733,5372
1188,11059,11336
1189,11165,2112,10396
1190,12009,5250,7327
1191,6156,6131,5693
1192,9420,8832
1193,11,578
1194,5933,3803
1195,3999,9243,3284
1196,771,9305,11475
1197,10506,6439
1198,1604,520,7621
1199,2572,5890,1999
1200,5527,1060,3390
1201,7974,6889,8852
1202,2190,2888,4674
1203,12253,3758,11846
1204,11342,5813
1205,10786,652,2794
1206,10791,6810,1061
1207,10905,371,8638
1208,46,1024
1209,1871,12605,5254
1210,10421
1211,10465,7381
1212,11502,8361
1213,6937,6807,11611
1214,5260,2632
1215,4355,3047,1216
1216,10175,299
1217,12368,6855,728
1218,9843
1219,3784,7821,10817
1220,9602,4266,6537
1221,8134,12430,12344
1222,10077,2429,5717
1223,9993,7219,6480
1224,5989,5388,9652
1225,5159,11499
1226,1326,2114,4242
1227,1569,1704,6684
1228,6169,4810,2375
1229,10790,10101,8574
1230,10678,2968,11645
1231,1355,11735
1232,1537,4965,8161
1233,11453,7454,7470
1234,884,6748,10850
1235,1854,286,7127
1236,6965,2567,6312
1237,1090,2082
1238,3947,5240,8112
1239,3946,7417
1240,660,8197,10804
1241,6880,10438,450
1242,7696,10655
1243,8362,9199,8235
1244,10921,12326,12707
1245,6667,6258
1246,1112,7465
1247,6901,12645,7086
1248,6711,7558,12625
1249,3178,7788,8318
1250,4767,7177
1251,1996,10230,8607
1252,2907,12299,12328
1253,11658,21,1847
1254,11633,10488,182
1255,639,12301,6397
1256,12470,5505,6819
1257,7060,1464
1258,962,5710,1564
1259,11506,11831,1338
1260,8423,3453,9800
1261,7197,5080
1262,9967,5618
1263,5177,88
1264,3120,12800
1265,9006,4543
1266,7947,9233,5837
1267,1393,10365,7703
1268,3587,11700,2666
1269,2771,3573,8969
1270,3794,10199
1271,2173,635,10830
1272,2621,2907,7350
1273,6207,6960,7812
1274,3216,2441,9769
1275,1955,3446,8173
1276,5157,554,12190
1277,4504,7040,2673
1278,963,11397
1279,12045,10537,4022
1280,4016
1281,954,12074,8531
1282,10775,3628,8572
1283,9780,5965
1284,6843,7478
1285,2509,9811,4562
1286,10566,10632,11932
1287,5982,7272
1288,9047,7724,10811
1289,7262,9949
1290,5545,6984,6650
1291,11522,11506,4894
1292,4437,7904,1067
1293,3169,7710,10468
1294,4078,7690,4327
1295,3979,2875
1296,11141,8506,6281
1297,12679,2639
1298,5049,4025
1299,2031,4068
1300,37,5199,4003
1301,11536,9634
1302,10327,7715,1258
1303,7626,3460
1304,4819,617,3578
1305,5677,6720,2980
1306,2320,11156,10093
1307,12259,8649
1308,8232,734,12515
1309,11895,9540,10806
1310,5227,11478,7417
1311,7421,2505
1312,11524,5128,9424
1313,3188,8669
1314,10810,6753,2934
1315,6725,338,10725
1316,11665,908
1317,316,5997,1174
1318,3483,4377,7408
1319,4311,9962
1320,7459,10974,8559
1321,9016,7310,5945
1322,8536,12283,11532
1323,1471,4383,7422
1324,12785,122,6534
1325,1511,5912,11720
1326,7254,3351,3417
1327,7251,3477,7210
1328,12607,3183
1329,12035,10159
1330,7602
1331,10491,2566,10987
1332,1551,8059,6116
1333,6714,7689,4475
1334,604,2729,3438
1335,3199,3240,2292
1336,7130,12324,7903
1337,7382,10963
1338,5406,11825,10296
1339,11335,2092,6061
1340,3501,3274
1341,9115,7717
1342,7564,7870
1343,3454,2156
1344,2386,12079
1345,2770,391,991
1346,3249,1374,10004
1347,7063,6533
1348,4072,9818
1349,5522,3984,8977
1350,6271
1351,1612,10735
1352,3185,4104,1402
1353,1930
1354,12553,8162,10828
1355,10093,4201,9536
1356,10125,794,7028
1357,6211,4950,8785
1358,8611,9389,4266
1359,257,8533,4437
1360,6446,4325,230
1361,8095,9482,2298
1362,3920,2463
1363,6617,7140,9568
1364,12337,10777,10346
1365,5146,7918,2829
1366,3387,2537,4949
1367,12483,8171,9310
1368,12456,4473,10798
1369,3264,9898
1370,11414,12117,4956
1371,6392,3214,6494
1372,1764,6505
1373,548,12528
1374,8535,3515,2910
1375,1918,4614,7226
1376,4074,409
1377,3398,6162,11442
1378,2728,12,1953
1379,9199,9852,1195
1380,12504,6070
1381,6983,8231,9076
1382,5372,4100,5743
1383,4082,1777,11784
1384,6075,4789
1385,4293,9161,1128
1386,12117,10345,9583
1387,11371,6139
1388,8787,5773,4886
1389,9814,12047
1390,11788,5995
1391,89,3675,1640
1392,9121,9821
1393,3402,12467,10226
1394,7427,6268,5156
1395,613,2969,756
1396,10388,10939,11692
1397,7069,12784,10821
1398,3613,7390
1399,10486,11318
1400,12487,12631,12512
1401,227,10032
1402,2473,4787,12576
1403,9015,8998,12176
1404,10512,10813,3693
1405,3281,2699,9290
1406,11914,4128,11238
1407,9739,8936,10618
1408,5608,12789,4246
1409,9495,10953
1410,2160,12340,11813
1411,842
1412,3055,10430,7666
1413,4114,7725,5091
1414,8381,5132,10463
1415,4773,494,6856
1416,11277,12255,4148
1417,7986,2983
1418,5723,1559
1419,4593,9080,11515
1420,2115,1507,3624
1421,11977
1422,7489,2720,3292
1423,5650,10584,3905
1424,7287,1315,5499
1425,22,2000,826
1426,3475,3427,4872
1427,12537,3680
1428,7808,1115,12372
1429,3237,842
1430,1006,7518,7294
1431,10313,8769,3216
1432,4673,9494
1433,8781,1116
1434,881,11366
1435,8383,6260,4547
1436,4623,10241
1437,6392,3497,1420
1438,10806,6244,4178
1439,9331,9827
1440,10357,2723,3790
1441,4384,3631,12472
1442,3357,3387,9477
1443,822,9962
1444,12569,11192,5244
1445,12395,3932
1446,8333,5707,125
1447,2068,7144,8989
1448,6147,9373,6503
1449,1903,9908,6539
1450,7083,12241,4069
1451,5345,10823
1452,5079
1453,5190,7011,533
1454,6844,3651,674
1455,2065,2169,10632
1456,11271,5156,686
1457,4606,5074,4206
1458,8699,2628,10359
1459,5904,10709,11901
1460,8055,2787
1461,6808,11380
1462,12502,6907,9454
1463,11639,2646
1464,7503,185,7363
1465,11720,696,2909
1466,4140,1083,263
1467,6831,12797,2880
1468,11784,4754,4195
1469,2424,1985
1470,2442,2049,7419
1471,9240
1472,7182,10767,9158
1473,3253,5264
1474,9869,5113,10068
1475,858,5940
1476,684,5321,4767
1477,11933,7648
1478,237,5688,946
1479,1481,3742,12154
1480,5949,1358
1481,4728,3610,2905
1482,3521
1483,6151,11931,2183
1484,6268,6678
1485,2790,5752,11152
1486,7504,11383
1487,10719,4456,11719
1488,9318,4234
1489,11661,2229,7858
1490,5732,1371,1777
1491,4937,6717,5599
1492,12157,7750,3694
1493,6728,6315,10613
1494,999,8013,5126
1495,3036
1496,8798,478,1712
1497,9885,8972,2595
1498,11875,10305
1499,4657
1500,8267,11609,266
1501,1311,5148,5715
1502,6264,9364
1503,1468,4383
1504,11310,7328,6767
1505,5840,2370,3398
1506,11657,9790
1507,7378
1508,3257,1620,8742
1509,485,7485
1510,10779,8363,8524
1511,12458,7785,7313
1512,2772,11260,90
1513,1127,1863,6173
1514,11648,9109
1515,8304,7395,9149
1516,12198,2245
1517,8082,1327,10077
1518,9806,7856
1519,11782
1520,7636,7279,4477
1521,3190,11462,8009
1522,754,5142,77
1523,7870,4406
1524,11281,6367,7605
1525,7001,6354,3928
1526,11624,1096,11168
1527,230,10802,5520
1528,5733,10143
1529,11920,2489,8902
1530,9673,3878
1531,3757,1737,6889
1532,759,895
1533,5566,10013
1534,8284,4633
1535,1818,6429,11635
1536,10228,10890,10632
1537,9094,10392
1538,3939,11426,10781
1539,11530,5488,11922
1540,5640,2473,9432
1541,11819,1691,11383
1542,8908,315,3986
1543,9909,7930,3582
1544,3527,7973,10435
1545,627,10839,4707
1546,9718,6807,681
1547,1036,1757,6636
1548,10262,8104,323
1549,11440,6958
1550,5648,7132
1551,2446,1627,1410
1552,4797,9803,4665
1553,4962,12074,6259
1554,8706,7431,6058
1555,11095,2308,5023
1556,3603,4772
1557,9742,5484,3709
1558,7910,10627,7116
1559,12059,6049
1560,10573,8085,2935
1561,2786,2779,1075
1562,10571,8350,3166
1563,5593,12295,3663
1564,299,11341,11100
1565,2846,9535
1566,7740,10272,11256
1567,5138,3079,3341
1568,433,6113,104
1569,1995,1520,9136
1570,2306,271,9165
1571,9367,2069
1572,6510,10218,9421
1573,4830,12656
1574,6521,1507,4018
1575,871,3306
1576,12677,8058,12658
1577,6370,6413,12408
1578,5091,5670
1579,7856,4569,12043
1580,222,8385,7125
1581,3235,2653,9019
1582,2429,5774
1583,9748,4605,7786
1584,7073,11035,7827
1585,6853,8510,8967
1586,1602
1587,10099,10994
1588,4746,10464,2115
1589,9368,5633
1590,12531,7656,7880
1591,7898,5647
1592,4999,9794,8960
1593,8779,713,4073
1594,1647,9733
1595,3104,3056,3494
1596,5843
1597,9227,8909,10923
1598,3926,2593,8418
1599,3915,624
1600,54,1333,9186
1601,8101,10450,2991
1602,1795,8145,6999
1603,2295,4201,8116
1604,2150,71
1605,1583,4357,12143
1606,8853,8401,11436
1607,4898,12327
1608,5046,1202
1609,1617,6647,3028
1610,2037,5211,10293
1611,1758,5646,8894
1612,11504,2000
1613,6533,12214
1614,7170,5691,6835
1615,9252,6116,10651
1616,7757,8347,6474
1617,3016,9545,10880
1618,815,9485
1619,3158,5663,8742
1620,9861,12141,11978
1621,11441,8410,9031
1622,9385,7882,2724
1623,1290,6859,8379
1624,10135,7870,10979
1625,11320,9254,6923
1626,8688,5512,10462
1627,8844,3161,8792
1628,3290
1629,1328,8277,1342
1630,6251,6083,8266
1631,2529,4506,7004
1632,992,12207,11128
1633,7869,4256,7576
1634,5119,4665,11070
1635,4779,3822,12308
1636,7981,2482,1497
1637,9515,1301,1839
1638,5835,11918,10674
1639,8875,1907,3727
1640,6739
1641,5147,10091
1642,4206,9730
1643,8916
1644,238,4990,6753
1645,8339,7710
1646,8660,5249,12363
1647,5816,84,9281
1648,2749,74,10613
1649,10011,8658
1650,814,5591,10180
1651,12468,10833
1652,4791,5917,5367
1653,6749,12424
1654,10801,424,4000
1655,2939,10667,10040
1656,3071,11456,7403
1657,9587,7887,7363
1658,4762,5836,9475
1659,11355,4432,7732
1660,5805,8089,7577
1661,5243,8543,588
1662,4187,8081,7759
1663,3473,5784
1664,3800,8670
1665,2672,9936
1666,5866,8534,8367
1667,11439,10139,6321
1668,10059,1851,12396
1669,9785,6820,12
1670,10380,10105,6072
1671,5671,6124
1672,89,1182
1673,10223,1804,7220
1674,6749,6585,4156
1675,7790,8096
1676,244,3970
1677,11789,3868,2816
1678,2091,10580
1679,2947,11525,484
1680,4245,12377,9952
1681,7144,11146
1682,1715,9175
1683,2065,10521,457
1684,11283,6532,6756
1685,8936,11845,7721
1686,2374,2046,5130
1687,10958,9500,7423
1688,4180,768,520
1689,12214,1290,7998
1690,11532,7835,5884
1691,12513,3366
1692,1979,1233
1693,4580,9961
1694,941,10039,1699
1695,12034,8742,11657
1696,11982,12581,7580
1697,1871,12508,8244
1698,9145,969
1699,8462,7574,10384
1700,10271,5639,6301
1701,2113,6435
1702,6779,11277,1109
1703,594,4041,4373
1704,7430,11194,9541
1705,9222,9646
1706,2032,4028,12645
1707,7937,772
1708,1082,8438
1709,7783,3636,7262
1710,10295,7839
1711,3916,1788
1712,6851,3433,6335
1713,10175,10195,1396
1714,6683,7276,4658
1715,2358,845,7886
1716,12276,5385,4326
1717,8336,6986,7935
1718,3817,84
1719,12121,4480,461
1720,5352,10102
1721,6699,8026,10503
1722,6495,1160,12665
1723,7884,5740
1724,4839,10322,12134
1725,1460,12128,3949
1726,5757,2836
1727,10858,5695,10022
1728,12569,5254,8746
1729,1604,9493,486
1730,7550,3678,11274
1731,3143,4102,9527
1732,10027,944
1733,6836,8626,1132
1734,5462,1261,1317
1735,2440,10538,11794
1736,546,1344,313
1737,3185
1738,7285,5380,3312
1739,11021,28,3394
1740,8977,7423,12473
1741,9162,6833,9558
1742,1030,1370,10285
1743,8149,9461,12742
1744,3169,2411
1745,3736,9454,10292
1746,7180,6912
1747,5391,12014,9565
1748,6079,5563,526
1749,12300,12562
1750,9079,1435,11051
1751,2828,1393
1752,11947,7734,12466
1753,4065,9118
1754,4510,12066
1755,5226,4655,4980
1756,854,11542,11875
1757,9902,6057
1758,3130,3525
1759,8215,10357,12643
1760,1420,7773,5989
1761,12266,12066,7702
1762,4913,7055,6190
1763,12072,3389,1398
1764,12650,2288
1765,6937,746,12048
1766,7404,5767
1767,5211,9222
1768,11895,1085,3541
1769,10129
1770,284,3315,5545
1771,2650,9126,11798
1772,4935
1773,8120,9995,1308
1774,8823,4214
1775,2194,5624,801
1776,1601,11713,4124
1777,1851,11007,10083
1778,12781,6479,11691
1779,10253,3545,8089
1780,530,1949,3865
1781,12328,3183,7547
1782,7664,10337
1783,3866,6397,3071
1784,2163,10934
1785,7069,10450
1786,2388,12091
1787,6356,2257
1788,8916,2698
1789,8846,2504,10772
1790,1900,7535,3297
1791,10825,7560
1792,11415,626,8106
1793,1186,4144
1794,8445,10039
1795,10435,1455
1796,2338,5899
1797,10892,8765,5033
1798,6339,7210
1799,6612,11730,6641
1800,3668,8477,87
1801,1891,3179,10093
1802,1970,4567,4392
1803,8830,6124
1804,7588,9183,3086
1805,8316,3910
1806,6969,6083
1807,6422,8391
1808,12775,4886,7166
1809,11454,5690,4259
1810,7383,6679,9129
1811,3004,11337,9164
1812,8173,4146
1813,58,3995,2653
1814,6150,8051
1815,328,11575,4283
1816,2903,12722,565
1817,12469,124,7599
1818,7982,287,10853
1819,7329,12148,7324
1820,2041,7095
1821,6418,4634
1822,12064
1823,7073,6103,3198
1824,8844,5498
1825,2335,2073
1826,600,4085
1827,9399,9261
1828,4685,4547,5513
1829,11452,452
1830,5234,2739,2548
1831,1573,162
1832,7331,2872
1833,6878
1834,2325,3043
1835,10775,3862,10225
1836,7126,7083,1270
1837,4406,7485
1838,6076,3788,11102
1839,6732,164,8857
1840,12214
1841,11606,12052
1842,7465,5045
1843,4637,10175,6071
1844,3041,8060,7012
1845,8810,5396
1846,7342,8529,11827
1847,4367,11828,11921
1848,8094,265,12548
1849,10706,6042,1199
1850,12155,11788,9521
1851,3673,4445,5936
1852,10871,4592,7741
1853,10107,10536,6385
1854,2127,330,12392
1855,6008,121,8994
1856,12185,6732
1857,8323,6002,5720
1858,4274,6343,7267
1859,3045,7740
1860,3170,2429,12119
1861,9056,8779
1862,5200,7221,9278
1863,623,12314,2287
1864,6709,926,3672
1865,10373,9081,3969
1866,198,8757,983
1867,7958,5373,5567
1868,9180,7641,1801
1869,1641,10433,2053
1870,6100,5760
1871,9363,12222
1872,5868,6813,9774
1873,12309,12606,1773
1874,9637,4575,905
1875,12163,8510,1081
1876,8790,11041,5180
1877,8357,1249
1878,2086,5250,274
1879,7905,11232
1880,1919,3854
1881,1759,6470,160
1882,1868,1867,6223
1883,979,8367,3162
1884,3468,10001,2124
1885,1235,9102,9850
1886,9244,5391
1887,4072,5131
1888,3338,5744,11453
1889,12061,417,3565
1890,11889,10665,11105
1891,10496,10303
1892,9272,7272,909
1893,940,3516,7294
1894,10460,6422,9675
1895,8954,6834,2110
1896,6843,6647,3831
1897,11166,2604,10984
1898,6802,3354,7978
1899,11967,1434,12198
1900,9552,3456,3455
1901,1377,755,4278
1902,11145,1098,4668
1903,1860,4574,3043
1904,10666,5801
1905,3827,10250,4285
1906,1106,7327,91
1907,2738,9188,7129
1908,4751,2780,12599
1909,3521,2229
1910,1006
1911,5392,9145
1912,4496,6194,7569
1913,1383,4209
1914,10441,1243,4992
1915,9301,4255,3370
1916,347,1381,6804
1917,159,5755
1918,12653,5040,8627
1919,11113,7382,5514
1920,945
1921,973,4305,8142
1922,572,5706,4823
1923,5236,6845,3168
1924,1632,7067,2272
1925,5797,1222
1926,10458,9989
1927,3087,6797
1928,10459,7582
1929,12049,2984
1930,7862,877
1931,2146,10393
1932,3364,1977,921
1933,1990,578,7304
1934,2239,653,3188
1935,5706,8951,6351
1936,7387,2619,6764
1937,3928,4472
1938,597
1939,8672,1038,8064
1940,7363,2715,7846
1941,4208,11346,1105
1942,2797,11302,6523
1943,2086,8863
1944,11695,7582,79
1945,9647,1962
1946,6635,2365
1947,7377,8129
1948,10535,9019,1168
1949,303,9316,11887
1950,4225,11093
1951,9946,6518,2507
1952,259,10419
1953,8567
1954,1003,11922
1955,6599,7846
1956,11305,12245,1317
1957,1619
1958,5417,11991,10296
1959,532,7323,11939
1960,10998,298,7685
1961,10866,7091,8897
1962,5670,3,2081
1963,8890,8814,7277
1964,2471,6152
1965,8510,1783,3288
1966,12644,3777,1473
1967,10948,3466,5941
1968,3922,3483,10469
1969,10513,520
1970,10188,2512,551
1971,8075,10960,1260
1972,8702,3724
1973,12660,1818,269
1974,6637,4778,7030
1975,2687,1245,4153
1976,6409,631
1977,7074,12211
1978,6325,11807
1979,471,2768
1980,10982,2869,3225
1981,10585,6324
1982,4077,3248,11545
1983,6248,12162
1984,7687,167,1573
1985,8328,642,503
1986,11939,12365
1987,10295,1418
1988,3296,10061
1989,11809,12005,10308
1990,2783,944,12272
1991,7916,1233,3357
1992,4824,6330,8140
1993,3946,10384,12067
1994,5785,6017,1500
1995,12017,3677
1996,9580,3956,8584
1997,10623,738,7204
1998,7217,10057,11792
1999,814,1933,11948
2000,613,10099,3174
