1,3021
2,3493,271
3,3973
4,3193,4351
5,4361,3293
6,3654
7,165
8,3165
9,743
10,1384
11,2933,2843
12,3774
13,1117
14,1669,1360
15,1282
16,372,1724
17,4298
18,1687,1218
19,3030,1875
20,4235,2546
21,338
22,4427
23,934,2847
24,4417
25,4115,3880
26,808,3512
27,3534,3107
28,1369
29,2540
30,4326
31,2849
32,428,3001
33,3807
34,1909
35,725
36,3675
37,2547
38,1537
39,3110,2925,3895
40,4461,1841
41,3609
42,1027
43,2791,3349
44,3988
45,2302
46,3384
47,3817
48,4761,457
49,3891
50,4270
51,622
52,2159
53,2782,2329
54,3852
55,4189
56,2128
57,2910
58,565,2219
59,2861
60,2431
61,3551,1320
62,4002
63,3144
64,4636
65,4465
66,676,1193
67,631
68,4630
69,1039
70,3220
71,3328,214
72,4601
73,1416
74,2266,1005
75,3197
76,446
77,3136
78,1335
79,2430,4596
80,2280
81,2070,2597
82,278
83,4583,2747
84,3161
85,3648
86,4345
87,1848
88,1146
89,2011
90,3178
91,2210
92,328
93,4335,4096
94,3613
95,1595
96,4405
97,4721
98,3032
99,3317
100,4764
101,3714
102,4067
103,1183,3459
104,1030,847
105,3972,220
106,1722,1325
107,2057
108,177
109,3018
110,3629
111,4262
112,1373
113,3165
114,4787
115,3305
116,4466
117,1628,2976
118,1153
119,4053
120,3241
121,3131
122,89,867
123,3980
124,1742
125,1315
126,383
127,1448,2596
128,4607,260
129,3171,879
130,1802
131,2755
132,3241,1896
133,2478
134,4455
135,550,4189
136,2512
137,4048
138,4090
139,3721
140,1724
141,2818
142,248
143,240
144,702,824
145,4791
146,309,3935
147,2105
148,3018,487
149,4577
150,3584
151,4562
152,329
153,3627
154,1694
155,1995
156,2412,639,2950
157,1569
158,434
159,1665
160,3439
161,1781
162,1042
163,1539,2716
164,2706
165,30
166,3146,1612
167,4126
168,2134
169,2873
170,4389
171,347
172,3121,1218
173,4727
174,720
175,4125,3377
176,3776,1202
177,2805,774
178,1631,3048
179,1993
180,2247
181,142
182,399,2028
183,3520
184,4343
185,476,3566
186,2855
187,1789
188,521
189,616,1265,546
190,705
191,2763
192,3617
193,125
194,1458
195,2382,1609,1543
196,3473
197,2959,3191
198,3233,225
199,3977
200,87
