1,2559
2,2069
3,2060,2015
4,2486,2459
5,2414
6,2054
7,2063,1525
8,1956
9,2025
10,2059
11,1490
12,1512
13,2027
14,2509
15,1555
16,1461
17,1930,2454
18,1508
19,2073
20,2440
21,2486
22,1534
23,1961,1927
24,1515
25,2520
26,1937
27,1580
28,2443
29,2496,1972
30,2547
31,1961
32,2069
33,2039
34,1590
35,1588
36,2544,2542
37,1548,2063
38,1982
39,2543
40,1597
41,2465
42,2450
43,2026
44,2418,1519
45,1991
46,1522
47,2063,2467
48,1480
49,1566
50,1556
51,1460
52,2038
53,1565
54,2004
55,2017
56,2530
57,2559
58,1542
59,1941,2003
60,2077
61,2056
62,2026,2525,2524
63,2507
64,1533
65,1488
66,2558
67,1542,1476
68,1988
69,1589
70,1584
71,2495
72,1584
73,1504,1523
74,1458,2512
75,2007
76,2530
77,2469
78,1560,1587
79,1963,1510
80,1926
81,1499
82,2437
83,2488
84,2046
85,2558,1512
86,2402
87,2539
88,2471
89,1922
90,1942
91,2043
92,2558,1939
93,2409
94,1579
95,2519
96,2547
97,1970
98,1477
99,1953
100,2446,2466
101,1966
102,1982
103,1472
104,2040
105,2065,2526
106,2551
107,1990,1556
108,1997
109,1516
110,2443,2520
111,1980
112,2460
113,2465
114,2431,2501
115,1956
116,1449
117,2555
118,2057,2491
119,2003
120,1522,1935
121,2482
122,1983,1558
123,2509
124,2488
125,1445
126,1507
127,1924
128,2548
129,1514
130,1572
131,1573,1523
132,1971,2070
133,2079
134,2472
135,1930
136,1464
137,2459,2036
138,2511
139,1992
140,2041,2079
141,1490
142,2054
143,1453
144,2061
145,2049
146,1516,2465
147,1569
148,2062
149,1559,1545
150,2407,1517
151,2543
152,2047,1488
153,2526
154,2075
155,1452
156,1550
157,2460
158,2524
159,1527
160,2538
161,2430
162,1518
163,1506,1562
164,2503
165,1964
166,1556
167,1937
168,2046,1570
169,1982
170,2499
171,1521
172,2483,1987
173,1935,2471
174,2471,2470
175,1936
176,2042
177,2024
178,2426
179,2065
180,2407
181,1577
182,1597
183,1960
184,1985,2045
185,2436
186,1991
187,2433
188,1508
189,2497
190,2409
191,1553
192,1979
193,1989
194,1521
195,1935,2509
196,2497
197,1956
198,1953
199,2425,2475
200,2074
