1,1941
2,1964
3,1983
4,2492
5,2544,1950
6,2413
7,2405
8,2464
9,2050,2460
10,2429
11,2027
12,2063
13,1957
14,2425
15,2460
16,2401
17,2462
18,2025,2015
19,1961,2489
20,2480
21,1931
22,2026
23,2507
24,2409,2485
25,2540
26,1971,1993
27,2427,2077
28,2431
29,2523,2545
30,1972
31,1979
32,2411
33,2025,2073
34,2454
35,2473,1992
36,2542
37,2464
38,2039
39,2464
40,2407,1931
41,2518
42,2064
43,2539
44,1967
45,2426
46,2446,2489
47,2014
48,2524,1961
49,1939
50,2506
51,1963,2489
52,2039,2512
53,2543
54,2073
55,2028
56,2429,2532
57,2478,2531
58,2402
59,2000
60,2451,2414
61,1977
62,2508
63,2475,2445
64,2072
65,2535
66,2061
67,1928
68,2476,2545
69,2449
70,2031
71,2038
72,1986,2414
73,2422
74,2050
75,2066
76,1968
77,2524
78,2025
79,2549
80,2003
81,2510
82,1921
83,2558,2070
84,2057
85,2491
86,1948
87,2456
88,2420
89,1966
90,1996
91,2472
92,2420
93,2000
94,1932,1990
95,2529,2556
96,1956
97,2026
98,2451,1960
99,1983
100,2420
101,2417
102,2053
103,2041,2031
104,2038
105,2459
106,2416
107,1991
108,2458
109,2454,2412
110,2038
111,2478,2420
112,2000,1960
113,2427
114,2439
115,2071
116,2518
117,2551
118,1969
119,1960
120,2489
121,2429
122,2449
123,2063
124,1941
125,2043
126,2551
127,2037
128,2406,2416
129,2432
130,2055,2408
131,2437
132,2457,2472
133,2478
134,1938
135,2079
136,2079
137,2078,1952
138,1991
139,1984
140,1969
141,2490
142,2467
143,1964,2505
144,2036,2456
145,2518
146,2481
147,2454
148,2072
149,2542
150,2478
151,1991,1981
152,1952
153,2537
154,2066
155,2069,2038
156,2503,2544
157,2030
158,2418
159,2534
160,2528,2551
161,2507
162,2070
163,2006
164,2071,2002
165,2013
166,1936
167,2063
168,2537
169,1942
170,2038,2486
171,2462
172,1992,2532
173,2412
174,2492
175,2404,1941
176,2443,2542
177,1937
178,2505
179,2526
180,2480,2505
181,2016,2528
182,2538
183,2050
184,1994
185,2549
186,2063,2438
187,1931
188,2001
189,2463
190,2030
191,2002
192,2009
193,2559
194,1948
195,2481
196,2415,2506
197,2436
198,2461
199,1987,2046
200,2049
