1,1552
2,2059
3,147
4,3955
5,3860,2481
6,14
7,573,2928
8,1518
9,3998
10,1952,1951
11,1115
12,3844
13,3409
14,2058,3901
15,4
16,967
17,593
18,87
19,595
20,2052
21,1972,3968
22,1105
23,110,3977,1572
24,152
25,130,1921
26,2462
27,1965
28,1085
29,2073,3477
30,2409
31,2928,640
32,3968,103
33,3404,122
34,1446,3870
35,1967
36,2407
37,3957
38,3380
39,1098
40,3936
41,3454,2414
42,3882
43,498
44,2945
45,526,2452
46,3485
47,130
48,2051
49,3986,2966
50,3407,2477
51,70
52,2962
53,2920,3901
54,3040
55,80
56,2961
57,75
58,629
59,1966
60,1957,2066
61,2479,1969
62,1066,57
63,2998,1081
64,3362
65,3940,1459
66,1459
67,3033,2934
68,2040
69,1497,1524
70,2517
71,523
72,157
73,1510
74,2043
75,3382
76,3504
77,3435
78,3362
79,614
80,599
81,2071
82,2066
83,515
84,3389
85,527
86,2969
87,2890
88,481
89,2076
90,637,1476
91,2038,1577
92,3939
93,2951
94,962,3966
95,591
96,1449
97,1036
98,2903
99,2952
100,1544
101,615,3849
102,32
103,1474,140
104,78,573
105,1041
106,2446,521
107,160
108,3455
109,3958
110,2966,513
111,3025
112,1471
113,129
114,2494
115,1962,3500
116,2485
117,3846
118,2449
119,2954
120,1518
121,3861,2
122,2072
123,2473
124,1939,3933
125,3406
126,2536,2052
127,1523
128,995,1509
129,1467,1090
130,68
131,1544
132,2889,33
133,2492
134,1004
135,3886
136,505,484
137,1995
138,625
139,1478
140,489
141,2457
142,2458
143,1084,613
144,3013,3036
145,1945,2905
146,2031
147,498
148,2469
149,2041
150,3882
151,2933
152,969
153,1507,975
154,3038,507
155,1542
156,2960,963
157,1509
158,556
159,3987
160,1031,3369
161,496
162,1116,75
163,55
164,2911,2471
165,1001
166,967
167,2029
168,2485,504
169,3964
170,3842,1490
171,25,1094
172,1011
173,3924
174,570
175,1503
176,969,3386
177,3426,1982
178,1961
179,3012
180,1526
181,3395
182,575
183,123,3925
184,3396,2886
185,2556,1970
186,3368
187,971
188,3036
189,105
190,2547
191,483
192,2423
193,1576
194,2419
195,2476
196,1085
197,2479
198,2062
199,987
200,1042
