1,2009,1991
2,1932
3,1963
4,2026,1978
5,2010
6,1956
7,2050
8,2028
9,2057
10,2022
11,1991
12,2007
13,2006
14,1996
15,2008,2021
16,1932
17,1996
18,1966
19,1965,1985
20,1936
21,2064
22,2024
23,1955
24,2057,2001
25,2033
26,1997
27,1987
28,2045
29,1947,2072
30,2023,2043
31,2029,1974
32,2046
33,2029
34,1939
35,1961
36,1993,2013
37,1927,1975
38,1963
39,2029
40,2077
41,1996
42,2041
43,1997
44,2034,1970
45,1952
46,1937
47,1924,1970
48,1967
49,1973
50,1992,1972
51,2014,1983
52,2069
53,1940
54,2051,2021
55,1943
56,1960
57,2010
58,2010
59,2041
60,2057
61,1934
62,1928
63,1988
64,1993
65,1962
66,1960,2009
67,2077
68,2027
69,2061
70,1944
71,1944
72,2049
73,2076
74,2029
75,2033
76,2077,1927
77,2065
78,2033
79,1932
80,1945
81,1986
82,2070,2074
83,1949
84,1969,2004
85,2053,1956
86,2059
87,1957
88,2064
89,2062
90,2059
91,2054
92,2060
93,1995
94,2063,1936
95,1923
96,2076
97,1951
98,2066
99,2009
100,2066,1963
101,1966,1952,1994
102,2043
103,2011
104,1952
105,2053
106,1942
107,1962
108,1978
109,2056,2023
110,1948,1953,1940
111,2020
112,1978
113,1936
114,1943
115,2020
116,1997
117,1926
118,2071,2045
119,2032
120,1987
121,2040
122,1991
123,1957
124,1934
125,2012
126,2064
127,2001
128,2013
129,1972
130,2020
131,2029,1993
132,2040
133,1944,2055
134,1985
135,2050,2020
136,1924
137,2010
138,1938
139,1970,1942
140,1939,1998
141,1970,2074
142,1941
143,1982
144,2078
145,2052,2007
146,2044,1957
147,2053
148,1988
149,2005,2008
150,1982
151,2044
152,2078
153,2003
154,1995
155,2045
156,1938
157,1984
158,1961
159,1972,2035
160,2004
161,1970
162,1954,2001
163,2034,1996
164,2021,2071
165,1995
166,2043
167,1958
168,1923,2022
169,2016
170,1927
171,1949,2062
172,1953
173,1925
174,1927
175,1952
176,2036,2015
177,1956
178,1961
179,2038
180,1946
181,2032
182,1963,2059
183,1988
184,2040
185,1971
186,1987
187,1943
188,2067
189,2058
190,1925
191,1925
192,1991
193,2021
194,2058
195,1995
196,2010
197,2058,1930
198,2010
199,1967
200,2026,2074
