1,3018,1553
2,2468,3025
3,1003
4,4457,82
5,1055
6,981
7,76,1921
8,2043
9,3498
10,4360
11,148,1040
12,536
13,2443
14,2011
15,3461
16,3518
17,1040
18,2980,9
19,1017
20,3518
21,1562
22,3465
23,965
24,1512
25,2914
26,1468
27,2986,3497
28,3471
29,2450
30,2544,1061
31,2498
32,1042
33,1002
34,23,561,2941
35,4372
36,2435,1461
37,3918
38,588
39,1110
40,595,4323
41,3944
42,3988
43,2979
44,985
45,4407,1096
46,43
47,2900
48,1007,4397
49,3497
50,610
51,1927
52,2465,2402
53,1557
54,3477
55,4356
56,87
57,510
58,1940,533
59,3427,1569,1024
60,1025
61,3875
62,102
63,2883
64,1038,536
65,1589
66,57
67,1113
68,1561,2916
69,2074
70,3422
71,2538
72,1036,3893
73,1518
74,4411
75,40,2936
76,615,2427
77,616
78,3847
79,24,4367
80,3391
81,628
82,2907
83,1937
84,1935
85,1035
86,1563
87,997
88,4363
89,112
90,4370
91,4338
92,4407,2464
93,2946
94,2936
95,2990
96,2895
97,2483
98,2506
99,1554
100,2927
101,4383
102,2969
103,2518
104,2961
105,497,3988
106,1006
107,1052
108,3936
109,3031
110,3978
111,2500
112,3424
113,997
114,3934
115,3858,596
116,4393
117,102
118,1017
119,2493
120,3886
121,2410
122,1985
123,3496
124,2888
125,28
126,103
127,560
128,124,4390
129,104
130,2492
131,1115
132,2917
133,4427
134,3390
135,4340
136,1923,2949
137,2902,1566
138,4449
139,68
140,3496
141,3434
142,3905
143,1538,3968
144,3960
145,1503
146,110
147,4364
148,2898
149,1929
150,24
151,4479
152,3976,1994
153,1103
154,3983
155,1978,2975
156,511,2496
157,4452
158,1106
159,2440,1574
160,1473
161,1974
162,4339
163,1527,591
164,2037
165,108
166,84
167,578
168,2478
169,4444,122
170,4445
171,1444
172,3914
173,4398
174,502
175,3477
176,2531
177,1935
178,2455,4429
179,1968
180,2993,4465
181,51
182,1581
183,1047
184,3451
185,4410
186,2511
187,149
188,3993
189,976
190,2520
191,22
192,3431,2926
193,117
194,1056,1522
195,2411
196,2417
197,2078
198,3868
199,3889
200,1496
