1,2524
2,3031
3,2013
4,3367
5,978
6,1552
7,2498
8,2911
9,2462
10,2483
11,1587
12,3034
13,1449
14,2440,1101
15,2441
16,3387
17,3485
18,2486
19,1092
20,1931,3364
21,2959
22,2911
23,2909
24,1014
25,2413
26,1529
27,2039
28,1102
29,1540
30,2495,1966
31,2492,1940
32,3492
33,1567,3365
34,2559
35,1966
36,2473
37,1061
38,1562
39,1450,2402,1947
40,3418,1507
41,3417,1107
42,1496,1471
43,3363,2452
44,2422,2908
45,1021
46,1024
47,1009
48,1990
49,2916
50,2426
51,1082
52,3515
53,999
54,1580,2528
55,982
56,2076,1553
57,1989
58,2510,2887
59,2522
60,1982
61,2515
62,1511
63,2420
64,2510
65,965
66,2903
67,3017
68,2924
69,3461,3386
70,2406,1548
71,2045,3011
72,3490,3480
73,1107
74,1529
75,2559
76,2429
77,3477
78,1504
79,2047
80,988
81,1599
82,1946
83,2540
84,1457
85,2052,2080,1022
86,2503,3420
87,1510,2883
88,1972,2039
89,1504
90,2078
91,3451
92,2957
93,1039
94,3370
95,2076
96,3434,3376
97,2906
98,3497,2545
99,1105
100,3022
101,1946
102,1117
103,1448
104,2537
105,1446,2999
106,2927,2434
107,2009,1583
108,1464
109,2507,1105
110,3448
111,2523,974,1924
112,3013
113,2527,1931
114,3438
115,3446
116,1921
117,1009
118,1102,2013
119,1578
120,2916
121,3483,1953
122,2498
123,2445
124,2026
125,2966,2477
126,3484
127,2956
128,2530,1079
129,3440
130,2529
131,2070
132,1505,1517
133,1119,2997
134,2401,2903
135,1475
136,2419,2915,2972
137,3035
138,1552
139,1481
140,1046,1108,1025
141,2989,3421
142,2471
143,974,1092
144,2439
145,2883
146,1461
147,1011,2995
148,2953
149,1483
150,2062,1105
151,1110
152,1998
153,2494
154,3379
155,2051
156,2895
157,993,2974,1516
158,1504,1544
159,3448
160,1100
161,2968
162,3028
163,1954,2983
164,3501
165,2063
166,1982,2041
167,1056
168,1113
169,998
170,1982
171,1068
172,1976,2518
173,2976
174,1516
175,2431,2023
176,1466
177,2075,1938,996
178,2520
179,1952
180,1035
181,964
182,2531,1061
183,1510
184,971,1504
185,2006
186,2032,2528
187,1500,2504
188,1955
189,2500,2489
190,1007
191,3371
192,2474
193,2006,1937
194,1921
195,1100
196,2426
197,2917
198,1479,3382
199,1966,3495
200,3481
