1,3398
2,1008
3,515
4,1562
5,2995
6,3428,1948
7,1018,1938
8,2068
9,633,2895
10,2958
11,1099
12,2901
13,3010
14,2017
15,2035,2484
16,1945
17,3490
18,975,1998
19,2972
20,2983,968
21,2914
22,534
23,3451
24,3015
25,2004,1572
26,559,1001
27,2940
28,1511,1999
29,608,2464
30,973
31,622
32,1964,2472
33,1560
34,3441
35,2438
36,2512
37,2953,2017
38,972,2038
39,1922
40,3014
41,638
42,493
43,2530
44,2882
45,1926
46,2010,3438
47,980
48,483
49,1091
50,1117
51,2020,2890
52,2548
53,2421,2037,2937
54,3500
55,1592
56,1923
57,2015
58,3509,3379
59,2938
60,2003
61,544,1537
62,553,504
63,3458
64,2968,2525
65,1496,1569
66,2550
67,1970
68,515
69,1048,639
70,990,2508,596
71,2446
72,2550
73,608,1961
74,578
75,2466
76,1477,988
77,2998
78,3367
79,3518,2418
80,1925
81,1922,1041
82,2962
83,3463
84,1495,2962
85,528
86,2001,504
87,487,3415
88,2431
89,3015
90,2983,2997
91,3483
92,1063,1463
93,2936
94,2421
95,2891,2491
96,1068,2455
97,973,1513,1928
98,3389
99,1573,1578
100,1499
101,2913
102,1056
103,1118
104,2969
105,1985
106,1581
107,3503
108,493,2508
109,1993
110,2468
111,1450
112,584
113,3393
114,2930
115,1539
116,1923
117,493,504
118,1577
119,561
120,1547
121,548
122,3470,3014
123,2421
124,1997
125,990
126,2480,1075
127,2517,2013
128,1086
129,3517,3457
130,573
131,3503
132,3406,2405
133,571
134,3402
135,2928
136,2482
137,1996
138,1018,517
139,2924,2979
140,1981,2020
141,2477
142,3030
143,1557
144,510,966
145,2974
146,3424,1955
147,3035,536
148,3400
149,1947
150,1943
151,2904,1921,1494
152,2447
153,3014
154,2511
155,3507
156,2014
157,2038,1925
158,2957
159,3415
160,2478
161,2051
162,1523
163,1508,2535
164,2407
165,1493,1509
166,3391
167,2477,526
168,1473
169,3370,1012
170,2045
171,1082
172,2017
173,604
174,547,510
175,3443
176,575
177,1043
178,2919,1934
179,3439,2951,2471
180,2070,2402
181,532
182,560
183,538
184,1515
185,2949
186,512
187,1547
188,2407
189,3015
190,1118
191,2962,2966
192,1117,505
193,2924
194,2003
195,2502,3036
196,1488
197,2497
198,1002
199,2462,3461
200,2955
