1,3463
2,3512
3,2079
4,2909
5,626
6,593
7,2413
8,3977
9,2016
10,529,545
11,1500,3466
12,1014,2909
13,3966
14,1951
15,987,976
16,1568
17,607,2932
18,3916
19,972
20,3955,1546
21,1575
22,3367,2030
23,977
24,554
25,2526
26,3875
27,611
28,535
29,2072
30,1979,1507
31,1993
32,1486,1517
33,1552
34,3854
35,2053,2998
36,3368
37,3442
38,964
39,2890
40,3931
41,3885
42,3461
43,2556
44,2016
45,1571
46,541
47,3998
48,2428
49,2905
50,621
51,600
52,2882
53,2935,2882
54,3912
55,2464
56,988
57,3452
58,2977
59,523
60,1584,491
61,3035
62,3440
63,3842,992
64,2460
65,2447
66,2988,3494
67,509
68,3868
69,3491
70,3999,554
71,1077,3367
72,2080
73,2448
74,2060
75,635,1983,1510
76,3870
77,1949,2555
78,2041
79,1580
80,3385
81,2067
82,577,2917
83,2493
84,1067
85,983,3478
86,2927
87,3015
88,2895,2473
89,1016
90,3946
91,2057
92,1536,1453
93,2483
94,563
95,1589
96,555
97,2974
98,1586
99,3922,3491
100,625
101,626
102,2918,3472,3952
103,1498
104,497
105,3858,530
106,2446
107,1544
108,2502,2897
109,2451
110,1061
111,2963
112,618
113,1460,2066
114,498,2473
115,597
116,2038
117,3377
118,1062
119,1562
120,3983
121,3006
122,1961
123,3430,2994
124,3373
125,2432
126,3496
127,2474
128,625
129,560
130,3496
131,1092
132,3907
133,3367,3871
134,1084
135,2046
136,2461,2526
137,1113,3929
138,1931,2979
139,3500,990
140,1924,2430
141,2909
142,1497
143,3963
144,515
145,3946,1469
146,3376,548
147,3474
148,3429
149,3027
150,1569
151,2992
152,3869
153,541
154,2029
155,2922,1560
156,1585
157,1023,3018,2537
158,1085
159,3415,1497
160,1022
161,3371,963,3984
162,3965
163,2422
164,517
165,1574
166,3005
167,3031
168,583
169,631
170,1107
171,3438
172,3483
173,3370
174,1557
175,2951
176,3392,3461
177,3381
178,2500
179,2912
180,3366,523
181,1069,965
182,3518
183,520
184,1519
185,3997
186,983
187,2425,3496
188,2014
189,636
190,1529
191,2427
192,512
193,3937
194,1081
195,2546,3890
196,2038,2484
197,2471
198,1588,3406
199,3873,1462
200,2991
