1,2954
2,1442
3,2532,1505
4,2969
5,2443
6,2929
7,1531
8,2499,2500
9,2467
10,2468
11,1501
12,1954
13,2552,3010
14,2551
15,2015
16,2984
17,2555
18,2438
19,1455
20,1450
21,2521,1923
22,2440,1981
23,1547
24,2433
25,1461
26,1467
27,1556
28,3016
29,1481
30,2964,1494
31,1551
32,2447,1580
33,2959
34,2457
35,1933
36,2427
37,2980
38,2899
39,1495,1448
40,2886
41,2900,2534
42,1943,2978,2559
43,2900
44,2915
45,2952
46,1938
47,2414
48,2062
49,2544,1995
50,1581
51,2968
52,1561
53,2442
54,2027,1530
55,2920
56,2457,1544
57,2982
58,1446
59,2517
60,1445,2068
61,2070
62,1952
63,2943
64,2995
65,1936
66,1923,1526
67,2467
68,2913
69,1600,1469
70,1561
71,3021
72,2960
73,2072
74,1528,2553
75,1472
76,1987
77,1992
78,2909
79,2495
80,2927
81,2940
82,2909
83,1462,1568
84,2421,2048
85,2434
86,3006
87,3026,1578
88,2493
89,2071
90,2925
91,2049
92,2011
93,1587,1957
94,1563,1565
95,2503
96,2531,2076
97,2992,1558
98,1451
99,1986,1499
100,2013
101,2972,2000
102,1921
103,3009,1506
104,2404
105,2434
106,1498,2529
107,2884
108,2074
109,1567,2067
110,1515
111,2459
112,2080
113,2030,3004
114,2896,2456
115,2445
116,2928
117,2532,1541
118,2900
119,2531
120,2476
121,1514
122,1528,2973
123,2494
124,1976
125,1999
126,2546,2923
127,2549
128,1570
129,1949
130,2436
131,2441
132,2492
133,2054,2474
134,1947
135,2035
136,2482
137,1922
138,2527
139,1448
140,2042
141,2915,2055,1568
142,2028
143,2442,2514
144,2493
145,1977
146,1516
147,1591
148,2936,2551
149,2957
150,1942
151,2989
152,2479,1987
153,2038
154,2455
155,2545
156,1516
157,1933,2947
158,1553
159,2972,3006,1931
160,2005,2549
161,1497
162,1441
163,1515,2425
164,2908
165,1499
166,2471,2938
167,1946
168,2908,2551
169,2928,1506
170,1987
171,1500
172,2055
173,2481
174,1477,2941
175,2511
176,1571,3039
177,1544,2535
178,1449
179,2949
180,2559
181,2020
182,2018
183,2515,2052
184,1456
185,1985,1968
186,1494,2883
187,2507
188,2521
189,2912
190,2890
191,2984
192,1443,1963
193,1485,2504
194,2978
195,2970,2406
196,3039
197,1491
198,2423,2004
199,2460
200,2953
