1,2950,993
2,1533
3,2005
4,987
5,2961
6,2058
7,3032
8,2511
9,2971
10,2027
11,2410
12,2937,2461
13,1523
14,3005,2910
15,1476
16,1047,2977
17,3008
18,1599
19,1491,1959
20,2079,2012
21,1555
22,1095
23,1563,2910
24,2458
25,2073
26,2506,1515
27,1484
28,1579,993
29,1541
30,2548
31,2885
32,1574,2060
33,1499,1117
34,1013
35,1518
36,1952
37,2921
38,2062
39,1058,1073
40,2410
41,1545
42,2433
43,1449,2077
44,2042
45,1596,2460
46,2929,1033
47,1488
48,1119
49,1008
50,1468
51,2944
52,2518
53,1959,1013
54,1572
55,995,1525
56,1045
57,2470
58,2907,2924
59,2423
60,1019,2018
61,1003
62,1539
63,2997,1093
64,1467,1007
65,2976,2423
66,1025
67,3017
68,2928
69,1581
70,976
71,1463,983
72,1056
73,2067
74,2940
75,1037
76,2916
77,2055
78,2999
79,1494,1560
80,1514
81,2015
82,1952,2445
83,1082
84,2415
85,2457,2479
86,3024
87,1069
88,2466
89,2962,2912
90,2483,2413
91,1474
92,2055
93,970
94,1051,2887
95,2974
96,2437,2931
97,1547
98,2060,1467
99,1063
100,2899
101,1954
102,990
103,2517
104,1923
105,965
106,2452
107,1556
108,2027,1571
109,1029
110,2038
111,1595,1507
112,2050
113,2927
114,1051
115,2913
116,2036
117,1544
118,1936
119,2896
120,1487
121,2527
122,2449,1991
123,1545
124,990
125,2945
126,2446
127,2058
128,1932
129,1023
130,2926,3035
131,1526
132,2477,1467
133,2466
134,2918,1523
135,2524,1040
136,2974
137,1937
138,2438
139,1007
140,2031
141,1004
142,1979,1442
143,1974
144,1466
145,1017
146,2076
147,2541
148,1496
149,1478
150,2054
151,1087
152,2079
153,2010
154,1058
155,1994,3037
156,1563
157,1049
158,1983
159,992,2894
160,1948
161,3007
162,1514,3018,1998
163,1546
164,2995
165,1070
166,1544
167,3027
168,1957
169,2500
170,2035
171,995,996
172,2994
173,1014,1006
174,1530,2942
175,3026
176,1062
177,1575
178,1493
179,1931
180,2475
181,1005
182,2988,2426
183,1537,2974
184,1035
185,2039
186,1470,2476
187,3006
188,1526
189,2912
190,2931,2921
191,2042
192,1055,1958
193,1517
194,1944
195,1503
196,2929
197,1588
198,1966
199,1016
200,1963
