1,4520,3018
2,1141,1230,717
3,569,567
4,3324,262,1372
5,4121
6,4395,4301,4719
7,2371,583,1515
8,1126,1527,4776
9,3530,2471,1093
10,4113,4147,4316
11,984,3142,521
12,2202,1682,317
13,82,270,1823
14,1342,1400
15,1707,4020,2889
16,3624,2326
17,558,2606
18,1594,3319,1304
19,1422,3868,4531
20,765,268,319
21,440,1864
22,2090,1421,1677
23,2947,4605,769
24,554,1322
25,3573,229,1692
26,2646,1776,21
27,821,4147,4507
28,4537,4007,3714
29,1495,1465,1313
30,3619
31,2810,3416,806
32,3939,319,2265
33,4424,1942,3053
34,1565,1836,1815
35,2732,2527
36,2396,1033,4408
37,3258,2521,227
38,3825,190,1493
39,4347,688,920
40,3630,3491
41,1010,2389,1399
42,1788,1186,2661
43,1927,2393,161
44,2394,3009,3965
45,4584,119
46,1658,4579,831
47,1152,1143,2787
48,3504,2942
49,4707,4253
50,4007,3196
51,1848,3127,1698
52,4407,3825,1703
53,4100,4405,1707
54,3284,4755,2003
55,4025,3113,2195
56,576,3438,462
57,4061
58,4561,598,2068
59,2568,505,3916
60,2330,4224
61,3929,4217
62,3829,3728,4246
63,3929
64,4330,2334,2866
65,706,4344
66,943,2275,1968
67,442,3934,568
68,1288,319
69,1525,659,4681
70,2089,4102
71,3510,4047
72,696,940,3871
73,4127,3695,3196
74,2446,3769,3829
75,4749,2851
76,3563,412
77,3641,937
78,2423,4780,307
79,2648,427
80,2538,3473
81,2430,4511
82,3905,1797,4169
83,2499,875,3334
84,3135,236
85,3738
86,3927,351
87,2013,3698,817
88,4213,4358,4293
89,4416
90,3039,3132,624
91,3455,2889,886
92,2123,4382,4496
93,356,1241,3439
94,2454,2476,1761
95,1452,4123
96,2203,4776,3388
97,1657,1835,4564
98,2607,892
99,3935,1544,2515
100,3552,2674,1257
101,3970,1767,2746
102,2996,2845,3169
103,1534,128,2373
104,3437
105,904,810,345
106,1658,216,4403
107,3693,4199
108,1956,440,1302
109,1277,4441,3741
110,1250,2405,3875
111,452,2445,1239
112,1831,1463,1095
113,179,1550,200
114,4472,3026
115,467
116,32,2068,2564
117,1749,2230
118,389,1152,1393
119,2715,3585
120,1928,2869,666
121,3563,3613
122,1438,3489,1144
123,219,1315,3973
124,1264,955,3146
125,1546,3312,4464
126,3961,129,2049
127,3740,1643,284
128,3383,4053,1033
129,2217,1135,4534
130,3471,4311,1916
131,2994,3533,1992
132,624,1780,2314
133,3988,2628,113
134,2051,880,1477
135,697,1188,387
136,3210,4465,1185
137,3612,2973,3578
138,1361,2762,2368
139,280
140,286,2707,87
141,1383,3691,103
142,2835,2678
143,4521,3996,1417
144,958,4510,4258
145,1184,88
146,4380,1003
147,1041,338,1908
148,2609,1528,4079
149,2839,896,2977
150,2604,2947,3266
151,4594,594,877
152,3252
153,3476,2126,1562
154,2896,3638,2415
155,3808,223,3363
156,3212,900,4127
157,3304,1977,1310
158,2361,508,4744
159,2284,4723
160,1271,1025,3474
161,1264,2248,205
162,759,2853,3315
163,2581,2140,4025
164,1601,408,4317
165,1499
166,3105
167,237,1179,759
168,1779,973,55
169,2815,1925,663
170,1173,884,2748
171,164,2115
172,1280,1457,1406
173,832,3050,3837
174,2103,4533
175,4192,2259
176,789,4574,4478
177,3923,612,4004
178,1418,4475
179,1921,4438,2119
180,1914,3715,4591
181,486,819
182,3336,884,1617
183,3585,2626,4043
184,4351,3604
185,4009,2205,3283
186,383,1456,1629
187,1740,1592,79
188,2027,3467,1909
189,912
190,3896
191,3917,1631,1553
192,574,2865
193,743,4415,4094
194,2452,2855
195,1917,3685
196,2296,3514,3410
197,945,940
198,1467,2684
199,4438,2715,2768
200,3229,2181
201,2386,532
202,1255,2527,2830
203,2440,1704,1004
204,2723,4520,3217
205,2890,3986,3963
206,4503,3473
207,4616,1705,1873
208,3436,1282,653
209,1897
210,3855
211,2606,2248,2783
212,968,238,3642
213,2891,332
214,836,1452,4417
215,1754,1092,3827
216,3099,3312,1428
217,1933,600,4140
218,3577,960
219,1778,56,288
220,1445,1272,2094
221,1709,4028,1919
222,2456,4767,4691
223,2761,589,1559
224,1268,3805,55
225,749,1142,2201
226,843,3136,247
227,1576,2619,1185
228,4086,3381,426
229,2802,2184
230,523,448
231,2017,4793,2635
232,817,3472
233,1626,137,2107
234,1499,1830
235,2161
236,3610,1307,4683
237,4393,847,301
238,454,3983,2927
239,4030,4172,4532
240,101,2203,1382
241,4078,4676
242,4731,2969
243,1634,3761,86
244,1872,727,2901
245,2362,2070,2413
246,2549,445,1872
247,3688,3666,3914
248,1948
249,1545,1755,586
250,1780,2918,3314
251,701,2200,4628
252,3406,4649,3989
253,773,1420,1107
254,4060,708,3617
255,1662,3623
256,955,1027
257,2444,2044,1775
258,1184,1305,3963
259,4113,3477,3910
260,4718,2823,2678
261,3144,2774,983
262,1648,4218,4434
263,414,2380,327
264,3147,33,165
265,292,399,2173
266,928,2636,4577
267,2503,1511
268,650,3736
269,1951,395,4038
270,295,1127,290
271,3648,4607,2491
272,2100,3049,3670
273,1247,2344,1140
274,8
275,1663,1227,4631
276,3730,2529,2614
277,3865,4249
278,1914,1308,1468
279,3814,1604,3393
280,3152,4218
281,3701,369,1330
282,1552,2752,240
283,3596,2992,2705
284,353,3546,1047
285,1686,3171
286,1772,1499,2976
287,2583,1437,834
288,1461,1835,2852
289,352,1063,981
290,3988,151,2396
291,1549,2822,1037
292,274,3078,1910
293,1710,2696,4769
294,1952,4254,3549
295,3196,3610,3794
296,3450,3434,3632
297,2118,2784,525
298,1092,3920,3773
299,4632,529,4114
300,1479,2689,1146
