1,49,1155
2,166
3,3427,4196
4,685,4389
5,2482,3197
6,2333,2310
7,2269
8,4504
9,3654,3189
10,636
11,1984
12,2883,408
13,420,4412
14,3367,3732
15,3482,3529
16,405,1141,3388
17,677
18,2229
19,3344,1107
20,404,1553
21,2074
22,2002
23,172
24,2123,231,805
25,2176,310
26,799,1375
27,1282
28,2163
29,2194
30,4067
31,1911,2485
32,232,3357
33,1905,1066
34,3493
35,2487,3863,673
36,4363
37,1813
38,1178
39,1151,2514
40,646
41,125
42,1504
43,4730,840
44,2310,4730,3227
45,2366,2351,3860
46,4401,1645
47,2104
48,3862,466
49,2658
50,1858
51,1385
52,4348
53,1028,1045
54,1615
55,3731
56,2550,2517
57,2727
58,4402,3440,4118
59,3990,2932,3837
60,3451
61,2760
62,4313
63,1614
64,4622
65,3346
66,4571,4184
67,4487
68,4608
69,463,3788
70,3107
71,437,2721,1702
72,1519
73,3864,4686
74,4329
75,2044,512
76,4192
77,2881
78,1809
79,608
80,2558
81,3719
82,1639
83,4002
84,56
85,141,3310
86,4395
87,1217,2447
88,2551,2001
89,2379,1848
90,3004,2789
91,3584,794
92,2601
93,911,2831
94,3256
95,1709
96,2594,2764
97,1604,885
98,1981,4096,132
99,3472,4788
100,2790,819
101,4562,2158
102,2785,2161
103,2438,847,3865
104,1624,4360
105,1354,4751
106,1051
107,3685
108,3887,109
109,3502,2279
110,3565
111,2191,515
112,2549
113,4287,1858
114,4655,4364
115,1416
116,491
117,1510,4259
118,2447,4624
119,4282
120,2044
121,4696,4213
122,2046,114,1274
123,678
124,2598,1334
125,4469,1974
126,2809
127,4579
128,2147,2268,3713
129,90,548
130,3384
131,1882,3574
132,1500
133,4190
134,905
135,2439
136,1024
137,2080,3332
138,4012,2847,2881
139,267
140,4067
141,3010,3276
142,3927
143,2025
144,2845,4695
145,45
146,1006,4242
147,3301
148,392,2603,4177
149,2644
150,4535
151,4541
152,864
153,3697,4295
154,4648
155,2175,3210
156,3150,4086
157,763
158,4196,1097
159,810
160,3135
161,4487
162,391
163,1768,2429
164,3720
165,1922
166,3530,4790,2460
167,4222,1626
168,656
169,2315
170,3621,2185
171,3278,3811
172,4451
173,1078
174,2970
175,345
176,2541,4392,1487
177,3205
178,3436
179,2126
180,2598
181,4363,2064
182,165
183,4337
184,505,1170
185,1567
186,1933,245
187,1471,1173
188,4338,3298
189,2753
190,3584,632
191,3835
192,4318,2648
193,2669,1418
194,550,3306
195,3498
196,727
197,1339,906
198,735
199,4028,3472
200,2917
201,4748
202,1772
203,1258,13
204,2801
205,1799
206,4683
207,1016,3229
208,2529,691
209,3575
210,2526,1901
211,2175
212,3785
213,3553
214,3208,3659
215,3872,1054
216,4307,603
217,345,611
218,3696,35,4283
219,2009
220,2454
221,3206
222,3745,1084,1352
223,1262,1120
224,1043,2334
225,3609,1828,1562
226,1543,2941,1357
227,3236
228,1779
229,1069
230,2888,4360
231,4576
232,3417,4160
233,2852
234,1034
235,783,1365,4762
236,579,1463
237,4433,3609
238,4014
239,1377,2947
240,1068
241,1756
242,1739
243,1459
244,1591,2401
245,2680,4761
246,472
247,1188,4025,1456
248,2029,3460
249,4311
250,22,1714
251,1903
252,4357,2252
253,2819,4578
254,3533
255,921,2946
256,985
257,3781,544
258,849,1661
259,292,665,3962
260,544
261,3888
262,384
263,2689,1747
264,2067
265,2156
266,3527,626
267,481,800
268,4697,3265,2330
269,4782
270,3447
271,1979
272,286
273,3959,1835
274,2350,4180,668
275,776,1855
276,1753,2827
277,2681,4571
278,2178
279,292
280,2775
281,1816,217
282,4432,159
283,1500
284,3271,2387
285,3628
286,1472,4059
287,902,2842
288,1536,3263
289,1063
290,657
291,4133,590
292,2883
293,1124,3552
294,3940
295,2627,3506,3398
296,4366
297,979,2950
298,598,3255
299,4061
300,3777
