1,4088,512
2,4605,4073
3,1899,498
4,583,4013
5,310
6,4416,3919,3004
7,4692
8,880,1489
9,3943,2268
10,2419
11,2723,1841
12,4305,1210
13,1393,2486
14,542,692
15,2708,4100
16,2450,1058
17,3075,794
18,1806,2391
19,322,4719
20,4659,1426,1690
21,618,4597
22,4363,1564,2458
23,2120,1581
24,2974
25,3452,2676
26,1793
27,1854,4380
28,4557,521
29,491,1022
30,2005,524
31,4494
32,3793,4588
33,2122,1676
34,1291
35,4777,347
36,2513
37,2717
38,324
39,1068
40,3217
41,2111
42,4142
43,4477,4431
44,627,1296,1691
45,3042
46,3769,4227
47,1490,4022,1292
48,3842
49,2478
50,2057
51,640,64
52,4377,1130,3198
53,1983,3292
54,1718,3842
55,314,3251
56,2319
57,2478,4067
58,3914,265,2914
59,2343,3647
60,140,3590
61,1429
62,4651,2076
63,870,1880
64,4305,1053
65,3613,811,4633
66,3000
67,4062,1494
68,2128,2371,1806
69,2516,318
70,1819,2828
71,3311
72,2160
73,2747,4094
74,3181,325
75,1520,2049,201
76,4390,1003
77,4022
78,248
79,317,347,4208
80,800,3615
81,1613,3374,3316
82,4122,664
83,1872,1535
84,332,1135
85,703
86,1519,2458
87,2785,3349
88,2777,4098
89,166,738
90,1877,2874
91,4212,2463
92,2582
93,2778,1095,2582
94,413
95,1653,739
96,927,687
97,2063,4036
98,3927
99,3713,4297,922
100,1314,499,4152
101,3813
102,3385,259
103,1351
104,626,4300
105,1617
106,1129,3113
107,4408,2152
108,2505,1369,4286
109,2065
110,4407,4108
111,1719
112,2482,4160,345
113,1732,3360
114,575
115,270,3057
116,1666,616
117,3366
118,2486,799
119,1921,3369,2706
120,661
121,2067
122,1486
123,832,2134
124,1942,2921
125,3939,3754
126,2939,3671,3137
127,3467,2579
128,1529,4088,3017
129,2276,3006
130,2893,1697,1814
131,860,1207
132,3296
133,696
134,3554,1475
135,4651,2279
136,3312,4743
137,592
138,2196,2854
139,406,2541
140,199
141,648
142,1996
143,918,3643
144,2222,3830
145,564,2071,829
146,1153
147,3297
148,675
149,3845
150,1470,1432
151,3932,1817
152,4444,3093
153,1243,3895,1186
154,3604,4472
155,1281,2912
156,360
157,3421,2470
158,415,1949
159,4024,2868
160,1497,2839
161,1323,700,1056
162,4486,1400
163,2796,1929
164,1592
165,2171,2078
166,3947,4164,1550
167,4186
168,576
169,2272
170,211,4269
171,3969,997
172,135
173,2446,4262,675
174,3277
175,1727
176,2571
177,684,4026,4269
178,812,858,4371
179,3817,3002
180,1783,2212
181,1512,900,3916
182,2453,4172
183,2032,2525
184,1226,513
185,4318
186,3063,3876
187,1863,832
188,1739
189,2121,2094
190,2008,163
191,2554,4361
192,4738,1160
193,2699
194,4281
195,4415
196,2733,1514,1959
197,4762,3060
198,8,3447,1137
199,2562,4210,833
200,3860,2483,4602
201,4593
202,1942
203,775,3104
204,2142
205,1972,2831,2901
206,1383,4425
207,2514
208,4351
209,1933
210,2659,4582
211,3371,412
212,3869,662,4210
213,1562
214,347,2979
215,3360,2918
216,36
217,1701,3587
218,2927,1087
219,42
220,3406
221,4162,1362
222,3015,4637,151
223,744,1708
224,732
225,3458,4617
226,1277,2859
227,4693,3201
228,393
229,4532
230,1827
231,3907
232,2311,4436
233,530,1078
234,3019,1364
235,3865,2773,3124
236,1469
237,3764,4384
238,2323,2687,730
239,1286,2398
240,4734
241,3442,1218
242,1371,1268
243,2775,2884
244,4074,1360
245,4214
246,1364,3609
247,4117
248,971
249,426,3111
250,592,1492
251,593,7,4298
252,3560,70
253,3799
254,488
255,2846,161
256,2915,4594,2916
257,3056
258,2674,200
259,195,1854
260,3326,3470
261,636
262,381,2855
263,3579,249
264,1357
265,857,4567,1865
266,4086
267,4195,1299,1231
268,1117
269,1866
270,202,4713
271,124,3829,1471
272,1648
273,1830,3422,4484
274,1475
275,1861,2763
276,1514,109,704
277,1715,3136
278,4793,1421
279,1302,1914,3732
280,1486,1091,736
281,2389,1228
282,3936,374
283,4427,4417,4685
284,3720,2433
285,3100
286,4500,2352
287,1501,1406,1244
288,1624,4749,460
289,3794
290,4647,4555
291,4574,2496
292,3166
293,738,267
294,3942,745,680
295,3161,673
296,2551
297,237,28
298,967,3923
299,3216,1698
300,4045,49,3730
