1,4796,20
2,3261,3807
3,935,3529,1785
4,2081,608
5,3407,596
6,405,1378,765
7,804
8,2219,2478
9,4083,4220,1612
10,3846,3958
11,1691,2857,3560
12,1165,1200
13,1293,3805
14,1380
15,3408,1836,2180
16,3857
17,306,1808
18,418,2175
19,1786,54,3598
20,4171,2866,23
21,450,713,2403
22,2511,2204,1042
23,391,1319
24,1607,604,1743
25,3253,2357
26,2009,3187,3242
27,3613,193,2977
28,3869,1172,679
29,1431,2206,3739
30,4340,3264
31,3809,3340,2724
32,3627,2365
33,1150
34,3361,4373
35,3319,1548,4334
36,1341,1832,1510
37,4036,1954
38,2047
39,851,438,2723
40,4419,3291,839
41,2591,525
42,559
43,1368,721
44,1469,3725,220
45,3901,1261
46,3788,1814,2188
47,2774,1208,2142
48,3038
49,3213,4382,3101
50,2075,4471,1760
51,2474,722,643
52,2193,3828,339
53,3478,1453
54,514,3328
55,804
56,2775,1683
57,2187,1216,2111
58,3244,4549,1901
59,1327
60,3369
61,4789
62,704,3019
63,4222,1601
64,2154,305
65,2633,690,1629
66,4096
67,4693,3088
68,647,2583
69,490
70,1606,4549
71,1284,1433
72,2778,4452,4198
73,323
74,4102,3971
75,2144,4514,2782
76,3639
77,2196,830
78,2487,1458
79,3525
80,4655,3756
81,3936,613,4051
82,18
83,2765,3210
84,3636
85,730
86,3350,2122,3993
87,4444,528,63
88,1605,4062,4141
89,3211,3933,3585
90,4136,649,3502
91,912
92,3987,3846
93,1463
94,759
95,4144
96,4003,1557
97,2152,4640,2741
98,3480,1067
99,2081,3471
100,2394,1100,2922
101,276
102,2095
103,4361,369,3683
104,3826
105,1315,2838
106,1,3807
107,1397,375,837
108,2047,3414
109,4545,3174,4571
110,3338,637
111,2152
112,4498,304
113,3246,707,3623
114,3837,3129
115,2216,4107
116,2442,4431
117,1097
118,4545,2198
119,289,2081
120,2649
121,1733,3225,1245
122,780,3826
123,2353,1424,1162
124,4113,2080
125,151
126,1374,1063
127,4327,1016
128,2608
129,3075,2160
130,631,120
131,2990,4766
132,3027,1703,3034
133,1570,3122
134,2708,1623
135,736,1530
136,1711,1838
137,2290,3418
138,4272,3957,1016
139,1640
140,2169
141,116,3497,26
142,3153,4651
143,124,4751
144,3208,3258
145,4016,1053,640
146,1546,634
147,525,2072,967
148,181,4723,940
149,4480,2165,1338
150,1787,3620
151,3395,4763,905
152,3481,2431,1463
153,2657
154,3470,4723
155,1466
156,4504,237
157,4203,57
158,4165,673
159,3331,1940
160,4026,2880,4170
161,912
162,4336,1644,3746
163,336,4289
164,1580,2153,537
165,4090,175,4171
166,543
167,2926,713,3381
168,890,2250,4492
169,933,1997
170,1830
171,243,4122
172,3482,647
173,4187,578
174,1702,340,3835
175,745,1391
176,243,3298,902
177,2106,2904
178,1764,3566,4427
179,922,2979,1814
180,2532
181,611
182,1997,1948,654
183,843,3417,3959
184,2376,4108,1908
185,1876,973,2564
186,3892,2163,1128
187,1885,1949
188,4482,1714
189,2444
190,1738,3505
191,135,2501,1238
192,4299
193,4380
194,4299,2253
195,1352,357,3791
196,3493
197,2189,4726
198,1494,441,3393
199,926,553,4109
200,1154,602,2599
201,2685,1446
202,1084
203,1395,1158,974
204,1299
205,4750
206,3333,2363,317
207,345,2514
208,1724,4471,3954
209,884,4751,3128
210,2908,1298
211,1939,168,281
212,4290,1167,4050
213,1375,4062
214,279,4322,558
215,2233,2594
216,954,307
217,3582,2045
218,2340,3317,2966
219,3196
220,3353,3886,907
221,2277
222,3807,3922
223,4774
224,4283,1699,1896
225,360
226,3359,1821
227,3825,2192,2655
228,1467,928
229,2078,3657
230,4149,2017,565
231,2284,1719,1803
232,643,3890
233,3881,2533,1299
234,577
235,78
236,3650,3558,730
237,4778,2877
238,1853
239,3284
240,2468
241,1751,2478
242,4392
243,4036
244,3234,1430
245,4220,1560,318
246,3426,965
247,3050,4783
248,203,3691,3569
249,3890,1481,3089
250,3857,1265,4464
251,4188,2121,3995
252,4600,1646,2696
253,3508,1597,838
254,903,4340
255,3939
256,2131,2405,3039
257,3779,4580
258,3360,3119
259,864,710
260,3251,323
261,4581,1264,4636
262,188
263,4365,2504,2154
264,1461,1294,680
265,3175,1960
266,2478
267,3883
268,2974,1256,736
269,2861,2850
270,1688,1591,1561
271,671,1876,1660
272,2350,873,4629
273,786
274,1732,1174,1654
275,2621,1949,2186
276,1461
277,1653,4682
278,3892,2510,947
279,235,1430,2808
280,2039,4212,2376
281,4169,3015
282,2243
283,3172,4339,2760
284,4371,2362
285,1121,4343,2144
286,2112,223,2653
287,1494,1694,884
288,2852,1345,4621
289,1794,2912,4384
290,4517
291,3768,56
292,4366,1944
293,2202,218,25
294,4300,1558
295,3362
296,4575,2054,4572
297,2733,2193
298,3536,4438
299,4602,2762
300,1474,428,1128
