1,1493
2,3799
3,2955
4,1942
5,2855,1465
6,3739,1597
7,3531
8,1434
9,474
10,1055
11,27
12,3891
13,1068
14,3417
15,155
16,594,392
17,4078
18,4655,3089
19,3922
20,2487
21,2685
22,229
23,1087
24,2797
25,4152
26,3874,1647
27,794,250
28,1846
29,2930
30,928
31,909,3716
32,3520
33,4653
34,4264
35,1217
36,687
37,1734
38,1749
39,1267
40,2816
41,639,759
42,3036
43,1136
44,729,3719
45,4,3187
46,2230
47,3319,3066
48,821
49,3974
50,3010
51,4663
52,3273
53,1796,3565
54,2961
55,4197,836
56,2496
57,1774
58,4508
59,4326,2317
60,825
61,2489
62,1830
63,4532
64,1019
65,3379
66,3162
67,1730
68,252
69,464,1624
70,2455
71,3081,1905
72,459,1121
73,1712
74,1362,3660
75,1104
76,4422
77,1026,3926
78,3321
79,4254
80,2556
81,2602
82,1568
83,3105
84,3030
85,551,2683
86,1656
87,3615
88,278
89,270
90,1703
91,1249,1527
92,1115
93,4132
94,700
95,3473
96,3296
97,2033
98,2369
99,4759
100,3422,2726
101,300
102,2065,362
103,2025
104,893
105,606,1533
106,265
107,3613
108,1515
109,2301
110,1609,3211
111,416
112,3415
113,4324
114,1054
115,1265
116,1992,2075
117,3884
118,1709
119,4414
120,2146,3427
121,1098
122,1326
123,3004
124,4272
125,2305
126,2886
127,1689
128,1073
129,2563
130,2003
131,1892
132,2430
133,4383
134,454,3168
135,2536
136,4029
137,1372
138,1635
139,2298
140,3741
141,184
142,1736
143,4774,3722
144,51
145,3112
146,292
147,3150,1599
148,3325
149,3599,2768
150,2185
151,500
152,2726
153,1923
154,1782,483
155,1769
156,19
157,738,3227
158,1770
159,1801
160,1104
161,3337,2563
162,4690
163,110
164,2281,2271
165,4200
166,2494
167,3524
168,3210
169,3357,4560
170,2747,1036
171,15
172,1829,684
173,2677
174,4297
175,1605
176,4260
177,1755
178,4019
179,2203
180,2775,3687
181,2893,568
182,3451,1062
183,4072
184,2962,573
185,817
186,1002
187,1387,2149
188,2551,2339
189,689,3415
190,629
191,200,3836
192,77,1939
193,3162
194,3923
195,2465
196,3824,4011
197,2104
198,3640
199,4512,2344
200,3781,2707
201,1451
202,4174
203,3185
204,2334,696
205,4490
206,3825
207,3817
208,2762
209,40
210,2069
211,3206
212,1637
213,3356
214,3425
215,3036
216,225
217,3227
218,587
219,3942,4256
220,2742
221,3716
222,3194
223,963
224,3046
225,17
226,1523
227,1824
228,2263
229,3954
230,60,550
231,20
232,2215,1280
233,2589
234,2993,4018,2270
235,2668
236,4595
237,1831
238,3390
239,701
240,4454
241,1356
242,3291
243,2429
244,1382
245,967
246,4051
247,1509
248,4117
249,1150
250,4225
251,535
252,510
253,291,2931,2397
254,3345
255,780
256,195
257,368
258,575,3059
259,557,90
260,3701,2393
261,1515
262,4643
263,2087
264,3898
265,1586,1288
266,1514
267,399
268,4573
269,2177
270,1254
271,1304
272,161
273,2646
274,4438
275,1046
276,4522
277,1662
278,3928
279,4062
280,4036,1072
281,3283
282,4799
283,3574,1302
284,112,4686
285,2512
286,2663
287,2811
288,4621
289,4372,3472
290,1064
291,4376
292,4320,1935
293,1868
294,4509
295,225,1747
296,677
297,4377
298,3341
299,3070
300,3460
